1708582949, 444345820,7414848,4096,0.28620995150309214,0
1708582949, 444346894,7414856,4096,0.483541680712245,0
1708582949, 444346894,7414864,4096,0.4437296143179394,0
1708582949, 444346894,7414872,4096,0.3915994284361003,0
1708582949, 444347967,7414880,4096,0.3728381096368897,0
1708582949, 444347967,7414888,4096,0.3716298691380232,0
1708582949, 445303382,7407088,4096,0.2028209381914425,0
1708582949, 454184448,7407072,4096,0.020444265625802756,0
1708582950, 327415620,3340024,4096,0.4994821293693938,0
1708582950, 330107958,3699296,4096,0.49246173842997126,0
1708582950, 624623756,3700808,4096,0.6544003928737413,0
1708582950, 751860344,3700816,4096,0.647418637935289,0
1708582951,  30713777,7407216,4096,0.35130990869973766,0
1708582951,  30714851,7407224,4096,0.055269166456133806,0
1708582951,  31065885,1775520,4096,0.42355220771013863,0
1708582951,  31065885,1775528,4096,0.5179561348419303,0
1708582951,  31066959,1775536,4096,0.07610844270602307,0
1708582951,  40046786,7407096,4096,0.11057122124834114,0
1708582951,  40396747,1775392,4096,0.0413754321029903,0
1708582951,  48946101,1775392,4096,0.0413754321029903,0
1708582951,  48947175,1775400,4096,0.43869844264030444,0
1708582951,  49298209,1775416,4096,0.5102216637490782,0
1708582951,  58567882,1775392,4096,0.0413143969467403,0
1708582953,  73560995,22625824,4096,0.2848191543747589,0
1708582953,  74409060,7407224,4096,0.17182988336524613,0
1708582953,  82814565,22625824,4096,0.2849293118599407,0
1708582953,  83163452,7407096,4096,0.20807970832703435,0
1708582953, 211258840,3699656,4096,0.5044324261258952,0
1708582953, 226241679,3699200,4096,0.5076721623587523,0
1708582953, 243516441,3699208,4096,0.511351300072301,0
1708582953, 247790045,3699216,4096,0.507605002348511,0
1708582953, 258219097,3699224,4096,0.5133504411779073,0
1708582953, 268974494,3699232,4096,0.5038840924441513,0
1708582953, 275080562,3700824,4096,0.6464196614240162,0
1708582953, 275160001,3699240,4096,0.5134910886274625,0
1708582953, 284144122,3699248,4096,0.5102903655597666,0
1708582953, 285034054,3700832,4096,0.663016651369094,0
1708582953, 287173539,7407224,4096,0.3559311637858439,0
1708582953, 287173539,7407232,4096,0.3998755372800712,0
1708582953, 287174613,7407240,4096,0.34921425425826313,0
1708582953, 287338858,1298272,4096,0.6544241373583403,0
1708582953, 287339932,1298280,4096,0.6274696427269068,0
1708582953, 287368916,1309440,4096,0.6547201032017137,0
1708582953, 287544970,7407112,4096,0.40400615771521675,0
1708582953, 287544970,7407120,4096,0.032164130913694466,0
1708582953, 298913335,1309440,4096,0.66526129656444,0
1708582953, 299152726,7407248,4096,0.14063954459160022,0
1708582953, 307944691,7407120,4096,0.4041043332985575,0
1708582953, 307944691,7407128,4096,0.11745570209544363,0
1708582953, 313700798,7407256,4096,0.4300541148643837,0
1708582953, 313700798,7407264,4096,0.4341309664592765,0
1708582953, 313700798,7407272,4096,0.45404953982681406,0
1708582953, 313701871,7407280,4096,0.46113657538052094,0
1708582953, 313701871,7407288,4096,0.44470585571838195,0
1708582953, 313702945,7407296,4096,0.4337001449607097,0
1708582953, 313702945,7407304,4096,0.29943661778796093,0
1708582953, 314006745,1311984,4096,0.6729495588566959,0
1708582953, 314007819,1311992,4096,0.6364806994889298,0
1708582953, 314052906,1348800,4096,0.6497249013136045,0
1708582953, 314403940,7407176,4096,0.3701191861320617,0
1708582953, 323017704,1348800,4096,0.65995766609738,0
1708582953, 323180876,7407304,4096,0.3984731872434385,0
1708582953, 323180876,7407312,4096,0.4131625782883784,0
1708582953, 323181950,7407320,4096,0.09019271875987225,0
1708582953, 331550956,7407192,4096,0.4358783843848923,0
1708582953, 331550956,7407200,4096,0.22747385400598225,0
1708582953, 440684039,7414896,4096,0.3507956807709624,0
1708582953, 440685113,7414904,4096,0.3552663429315273,0
1708582953, 440685113,7414912,4096,0.39938317023038455,0
1708582953, 440685113,7414920,4096,0.403591195445195,0
1708582953, 440686186,7414928,4096,0.4037554080670016,0
1708582953, 440686186,7414936,4096,0.42976230514643793,0
1708582953, 440686186,7414944,4096,0.4336620567554761,0
1708582953, 440686186,7414952,4096,0.4534671069382872,0
1708582953, 440687260,7414960,4096,0.4607999981285343,0
1708582953, 440687260,7414968,4096,0.44427109219128796,0
1708582953, 440687260,7414976,4096,0.4332271030049289,0
1708582953, 440687260,7414984,4096,0.3977956283221148,0
1708582953, 440688333,7414992,4096,0.41277962171881033,0
1708582953, 440688333,7415000,4096,0.43551348129067535,0
1708582953, 440688333,7415008,4096,0.4259232071637125,0
1708582953, 440689407,7415016,4096,0.4125527750018383,0
1708582953, 440689407,7415024,4096,0.4293058006308591,0
1708582953, 440689407,7415032,4096,0.45475894578151826,0
1708582953, 440690480,7415040,4096,0.4557216074864838,0
1708582953, 440690480,7415048,4096,0.4344167843979026,0
1708582953, 441300228,7407216,4096,0.3297891949250075,0
1708582953, 441733922,7407088,4096,0.3743010475812309,0
1708582953, 442061340,7407216,4096,0.4115892087514461,0
1708582953, 442061340,7407224,4096,0.036701413922760696,0
1708582953, 442371581,4013408,4096,0.9951211069810628,0
1708582953, 442372655,4013416,4096,0.9940035728466426,0
1708582953, 442372655,4013424,4096,0.9942550578892546,0
1708582953, 442375875,4013432,4096,0.9946475475555755,0
1708582953, 442375875,4013440,4096,0.9944988092781475,0
1708582953, 442376949,4013448,4096,0.03229617576091613,0
1708582953, 442743012,7407096,4096,0.05419207983290228,0
1708582953, 442996358,7407224,4096,0.2033868873600724,0
1708582953, 443381745,7407096,4096,0.4240388226374094,0
1708582953, 443381745,7407104,4096,0.05905353210195382,0
1708582953, 443783234,7407232,4096,0.24446934548829713,0
1708582953, 444214781,7407104,4096,0.33938657325214866,0
1708582953, 444548639,7407232,4096,0.424696055528039,0
1708582953, 444548639,7407240,4096,0.16912303910719476,0
1708582953, 444974819,7407112,4096,0.29621697406846376,0
1708582953, 474346852,7407240,4096,0.4239616832460813,0
1708582953, 474346852,7407248,4096,0.04875017982461062,0
1708582953, 474766591,7407120,4096,0.10813076210187751,0
1708582953, 475146610,7407248,4096,0.1734012505468907,0
1708582953, 475471880,21519904,4096,0.9939433450229757,0
1708582953, 475472954,21519912,4096,0.9948266372678635,0
1708582953, 475472954,21519920,4096,0.9936303153433993,0
1708582953, 475474027,21519928,4096,0.9945201284842379,0
1708582953, 475475101,21519936,4096,0.9945702824720107,0
1708582953, 475475101,21519944,4096,0.03176181983427041,0
1708582953, 475866928,7407120,4096,0.187184405491726,0
1708582953, 476216889,7407248,4096,0.31924527882625037,0
1708582953, 476692450,7407120,4096,0.40216504980770845,0
1708582953, 476693523,7407128,4096,0.22632142627020196,0
1708582953, 477089645,7407256,4096,0.3830762904257429,0
1708582953, 477540515,7407128,4096,0.4290574919318988,0
1708582953, 477541588,7407136,4096,0.07588632701911324,0
1708582953, 477907652,7407264,4096,0.3134300226871994,0
1708582953, 478308067,7407136,4096,0.42017859087594966,0
1708582953, 478308067,7407144,4096,0.023359827725510946,0
1708582953, 565670571,20231832,4096,0.5564178457885222,0
1708582953, 565671644,20231840,4096,0.5339870869249556,0
1708582953, 565672718,20231848,4096,0.5694635058397753,0
1708582953, 565672718,20231856,4096,0.5170700094014133,0
1708582953, 565673791,20231864,4096,0.5963653808236598,0
1708582953, 565674865,20231872,4096,0.6248931293261959,0
1708582953, 565675938,20231880,4096,0.5773562938905852,0
1708582953, 565675938,20231888,4096,0.5687963314581622,0
1708582953, 565677012,20231896,4096,0.5597813660060259,0
1708582953, 565678085,20231904,4096,0.6027846607896915,0
1708582953, 565679159,20231912,4096,0.3003522736026899,0
1708582953, 565680232,20231920,4096,0.5581498431909618,0
1708582953, 565681306,20231928,4096,0.44515555595164724,0
1708582953, 565681306,20231936,4096,0.4059442224125581,0
1708582953, 565682379,20231944,4096,0.4149212704171751,0
1708582953, 565683453,20231952,4096,0.4018165252005029,0
1708582953, 565684526,20231960,4096,0.3959119139958983,0
1708582953, 565684526,20231968,4096,0.39608480855612793,0
1708582953, 565685600,20231976,4096,0.39520808535552665,0
1708582953, 565686673,20231984,4096,0.4137704474979601,0
1708582953, 565686673,20231992,4096,0.4370355683197215,0
1708582953, 565687747,20232000,4096,0.39650384991694376,0
1708582953, 565688820,20232008,4096,0.4127345286035579,0
1708582953, 565688820,20232016,4096,0.4096242241949091,0
1708582953, 565689894,20232024,4096,0.4230074987328433,0
1708582953, 565690967,20232032,4096,0.3802383892872072,0
1708582953, 565692041,20232040,4096,-0.0,0
1708582953, 565693114,20232048,4096,-0.0,0
1708582953, 565693114,20232056,4096,0.5049680878170553,0
1708582953, 565694188,20232064,4096,0.5769191479608765,0
1708582953, 565695261,20232072,4096,0.5754248843644821,0
1708582953, 565696335,20232080,4096,0.5349700053842107,0
1708582953, 565758598,20232088,4096,0.5359688160366263,0
1708582953, 565759671,20232096,4096,0.5398288616585127,0
1708582953, 565760745,20232104,4096,0.5587546490296728,0
1708582953, 565761818,20232112,4096,0.5342511909586338,0
1708582953, 565761818,20232120,4096,0.5462301948038285,0
1708582953, 565762892,20232128,4096,0.5217264226331957,0
1708582953, 565763965,20232136,4096,0.6238856089326882,0
1708582953, 565763965,20232144,4096,0.5392000741970739,0
1708582953, 565767186,20232152,4096,0.5415637703338997,0
1708582953, 565768259,20232160,4096,0.766185629992326,0
1708582953, 565769333,20232168,4096,0.5893721543310693,0
1708582953, 565770406,20232176,4096,0.5162990237513169,0
1708582953, 565770406,20232184,4096,0.5356611528224063,0
1708582953, 565771480,20232192,4096,0.5732472678444219,0
1708582953, 565772553,20232200,4096,0.6276223430568995,0
1708582953, 565773627,20232208,4096,0.6745144249100395,0
1708582953, 565774700,20232216,4096,0.5836881143781922,0
1708582953, 565774700,20232224,4096,0.5658753748067231,0
1708582953, 565776847,20232232,4096,0.5799736251968034,0
1708582953, 565777921,20232240,4096,0.5522512288100784,0
1708582953, 565778994,20232248,4096,0.5664808509979931,0
1708582953, 565778994,20232256,4096,0.5615831578231204,0
1708582953, 565780068,20232264,4096,0.5148245395511829,0
1708582953, 565781141,20232272,4096,0.5536662434365642,0
1708582953, 565782215,20232280,4096,0.6039161345436403,0
1708582953, 565784362,20232288,4096,0.5873864107938547,0
1708582953, 565785435,20232296,4096,0.4525438936744177,0
1708582953, 565786509,20232304,4096,0.5317839421024408,0
1708582953, 565787582,20232312,4096,0.5620636510835587,0
1708582953, 565788656,20232320,4096,0.5936253972962355,0
1708582953, 565788656,20232328,4096,0.6226146048245628,0
1708582953, 565789729,20232336,4096,0.5548059316986629,0
1708582953, 565826228,20232344,4096,0.5152799506548712,0
1708582953, 565827302,20232352,4096,0.588827588947409,0
1708582953, 565828375,20232360,4096,0.5468080137950836,0
1708582953, 565828375,20232368,4096,0.5266974098112385,0
1708582953, 565829449,20232376,4096,0.5488654925789294,0
1708582953, 565830522,20232384,4096,0.5466136994171911,0
1708582953, 565830522,20232392,4096,0.5301210398554455,0
1708582953, 565832669,20232400,4096,0.540478870588456,0
1708582953, 565833743,20232408,4096,0.5521793373057988,0
1708582953, 565833743,20232416,4096,0.5321942988513684,0
1708582953, 565834816,20232424,4096,0.5538091447486412,0
1708582953, 565835890,20232432,4096,0.5413034604275004,0
1708582953, 565836963,20232440,4096,0.5758655863175223,0
1708582953, 565838037,20232448,4096,0.5475459795881282,0
1708582953, 565839110,20232456,4096,0.6062885738968149,0
1708582953, 565840184,20232464,4096,0.5471232827805523,0
1708582953, 565841257,20232472,4096,0.5473037741023098,0
1708582953, 565841257,20232480,4096,0.5658588303160637,0
1708582953, 565844478,20232488,4096,0.5143190680404602,0
1708582953, 565845551,20232496,4096,0.5036534754641989,0
1708582953, 565846625,20232504,4096,0.5060686565019923,0
1708582953, 565846625,20232512,4096,0.506744647048886,0
1708582953, 565847698,20232520,4096,0.5437530981048277,0
1708582953, 565848772,20232528,4096,0.5386717456767909,0
1708582953, 565850919,20232536,4096,0.5434961636387224,0
1708582953, 565853066,20232544,4096,0.5298395435693751,0
1708582953, 565853066,20232552,4096,0.5204934322174896,0
1708582953, 565854139,20232560,4096,0.5641660716528629,0
1708582953, 565855213,20232568,4096,0.5684790645186344,0
1708582953, 565856286,20232576,4096,0.6869845526439564,0
1708582953, 565857360,20232584,4096,0.6345888652506058,0
1708582953, 565857360,20232592,4096,0.5289955628220598,0
1708582953, 565893859,20232600,4096,0.5277206380676043,0
1708582953, 565894932,20232608,4096,0.5940333450904589,0
1708582953, 565896006,20232616,4096,0.5428132909875181,0
1708582953, 565896006,20232624,4096,0.5592290493625993,0
1708582953, 565898153,20232632,4096,0.5638571181253146,0
1708582953, 565898153,20232640,4096,0.5334312655942793,0
1708582953, 565899226,20232648,4096,0.5601115441991326,0
1708582953, 565899226,20232656,4096,0.5205967739578791,0
1708582953, 565900300,20232664,4096,0.5625241447125147,0
1708582953, 565901373,20232672,4096,0.5423397092057026,0
1708582953, 565902447,20232680,4096,0.5311721325519749,0
1708582953, 565903520,20232688,4096,0.5463153106032196,0
1708582953, 565904594,20232696,4096,0.5236119683321667,0
1708582953, 565904594,20232704,4096,0.5173727003010389,0
1708582953, 565905667,20232712,4096,0.5274798590518451,0
1708582953, 565906741,20232720,4096,0.48662642355107444,0
1708582953, 565907814,20232728,4096,0.5083451940202386,0
1708582953, 565908888,20232736,4096,0.5344136117476491,0
1708582953, 565908888,20232744,4096,0.6405884896639982,0
1708582953, 565909961,20232752,4096,0.666133246069453,0
1708582953, 565911035,20232760,4096,0.5950650657895774,0
1708582953, 565912108,20232768,4096,0.5388315294749947,0
1708582953, 565912108,20232776,4096,-0.0,0
1708582953, 567107987,1480856,4096,0.5745777097166584,0
1708582953, 567457948,1343488,4096,0.5138855504493456,0
1708582953, 567846555,1343512,4096,0.4550508364033455,0
1708582953, 655627724,7407272,4096,0.212083885947799,0
1708582953, 656079667,7407144,4096,0.26085221995240976,0
1708582953, 656410305,7407272,4096,0.3153408605790693,0
1708582953, 656725914,30845312,4096,0.9941884840291977,0
1708582953, 656725914,30845320,4096,0.9943489592627625,0
1708582953, 656726988,30845328,4096,0.9938393697773334,0
1708582953, 656726988,30845336,4096,0.9947737257103768,0
1708582953, 656726988,30845344,4096,0.9937950357824665,0
1708582953, 656728061,30845352,4096,0.03229617576091613,0
1708582953, 657022200,7407144,4096,0.32757626591497396,0
1708582953, 657335662,7407272,4096,0.3861322329006874,0
1708582953, 657335662,7407280,4096,0.07971550832263193,0
1708582953, 657698505,7407152,4096,0.3569272866391018,0
1708582953, 658000159,7407280,4096,0.4265782071954501,0
1708582953, 658000159,7407288,4096,0.12637710963041182,0
1708582953, 658402721,7407160,4096,0.23093104247923985,0
1708582953, 658738727,7407288,4096,0.42458686977832377,0
1708582953, 658740874,7407296,4096,0.03048353423520417,0
1708582953, 659079026,7407168,4096,0.1829970191955806,0
1708582953, 670462420,20232784,4096,0.5654713107465074,0
1708582953, 670463494,20232792,4096,0.5475276112061438,0
1708582953, 670463494,20232800,4096,0.4146143033194539,0
1708582953, 670466714,20232808,4096,0.4141174880238713,0
1708582953, 670466714,20232816,4096,0.4062012667072529,0
1708582953, 670467788,20232824,4096,0.4007561905962631,0
1708582953, 670468861,20232832,4096,0.39355903804738257,0
1708582953, 670469935,20232840,4096,0.3967960845159186,0
1708582953, 670469935,20232848,4096,0.3939923813865622,0
1708582953, 670471008,20232856,4096,0.42103649823212463,0
1708582953, 670472082,20232864,4096,0.431773629495373,0
1708582953, 670473155,20232872,4096,0.3947762631244425,0
1708582953, 670474229,20232880,4096,0.4145916883244988,0
1708582953, 670475302,20232888,4096,0.4144430245705821,0
1708582953, 670475302,20232896,4096,0.4215451136327726,0
1708582953, 670476376,20232904,4096,0.3400965056029967,0
1708582953, 670476376,20232912,4096,-0.0,0
1708582953, 670477449,20232920,4096,-0.0,0
1708582953, 670478523,20232928,4096,-0.0,0
1708582953, 799097778,40425704,4096,0.5863646505076874,0
1708582953, 813363520,40425712,4096,0.6407774304389162,0
1708582954, 259567127,7407296,4096,0.2714259163663665,0
1708582954, 259809738,1785184,4096,0.007935438668395366,0
1708582954, 260409824,7407168,4096,0.3511350973065632,0
1708582954, 458969752,7539296,4096,0.2793412094286428,0
1708582955, 373274107,3699304,4096,0.504840604443636,0
1708582955, 376425903,3699312,4096,0.4986586897012654,0
1708582955, 380315194,3699320,4096,0.495881886576414,0
1708582955, 382904476,3699328,4096,0.49462739767986225,0
1708582955, 391096354,116375920,4096,0.49431575123661503,0
1708582955, 391351847,116375928,4096,0.5076860169727213,0
1708582955, 394893324,116375936,4096,0.5038701434813123,0
1708582956, 609225900,7407296,4096,0.3925074275102374,0
1708582956, 609225900,7407304,4096,0.1457677554595232,0
1708582956, 612313286,3401016,4096,0.16326383778206816,0
1708582956, 612782406,22577240,4096,0.17603765568101598,0
1708582956, 613145249,3410112,4096,0.16805897343017406,0
1708582956, 613598266,1292896,4096,0.5193287948613827,0
1708582956, 613598266,1292904,4096,0.34046327954980954,0
1708582956, 613598266,1292912,4096,0.5273552494655032,0
1708582956, 614059871,1295904,4096,0.5066467736417943,0
1708582956, 614059871,1295912,4096,0.2811859171193562,0
1708582956, 614480683,21816712,4096,0.30117785415508425,0
1708582956, 614852114,4182296,4096,0.1857871107906591,0
1708582956, 615218177,2101408,4096,0.26684352977265047,0
1708582956, 615552036,2195536,4096,0.1450652368014907,0
1708582956, 616341058,122027488,4096,0.6337704052363333,0
1708582956, 616341058,122027496,4096,0.29098895953502946,0
1708582956, 616342132,122027504,4096,0.9900856979403823,0
1708582956, 616342132,122027512,4096,0.02459752793924408,0
1708582956, 616639491,121924256,4096,0.18263500365337546,0
1708582956, 616639491,121924264,4096,-0.0,0
1708582956, 616639491,121924272,4096,-0.0,0
1708582956, 616639491,121924280,4096,-0.0,0
1708582956, 616872441,33113576,4096,0.2911063881075188,0
1708582956, 617624964,122027520,4096,0.882338940546924,0
1708582956, 617624964,122027528,4096,0.9095172050698578,0
1708582956, 617624964,122027536,4096,0.5852659376258633,0
1708582956, 617626038,122027544,4096,0.19380711075873494,0
1708582956, 617835370,121924256,4096,0.18514258715264728,0
1708582956, 617835370,121924264,4096,-0.0,0
1708582956, 617836444,121924272,4096,-0.0,0
1708582956, 617836444,121924280,4096,-0.0,0
1708582956, 618229345,20756184,4096,0.19285363307008901,0
1708582956, 619014073,122027552,4096,0.137516688518889,0
1708582956, 619015147,122027560,4096,0.7280181648770118,0
1708582956, 619015147,122027568,4096,0.6092886368453395,0
1708582956, 619015147,122027576,4096,0.6096678165997014,0
1708582956, 619221259,121924256,4096,0.1879211378340518,0
1708582956, 619222332,121924264,4096,-0.0,0
1708582956, 619222332,121924272,4096,-0.0,0
1708582956, 619222332,121924280,4096,-0.0,0
1708582956, 619621674,40355360,4096,0.13669962174960723,0
1708582956, 620322670,122027584,4096,0.9185852099874512,0
1708582956, 620323743,122027592,4096,0.9093874777565054,0
1708582956, 620323743,122027600,4096,0.6301505927308962,0
1708582956, 620323743,122027608,4096,0.13188199477878249,0
1708582956, 620483695,121924256,4096,0.19046629468010468,0
1708582956, 620483695,121924264,4096,-0.0,0
1708582956, 620484768,121924272,4096,-0.0,0
1708582956, 620484768,121924280,4096,-0.0,0
1708582956, 620864787,31954360,4096,0.13140156460774063,0
1708582956, 621107398,33739840,4096,0.2883837487857846,0
1708582956, 621432669,30975064,4096,0.16816958778437452,0
1708582956, 621761160,31856696,4096,0.13003710825839498,0
1708582956, 622038123,31856704,4096,0.16739288965593468,0
1708582956, 622239941,32961232,4096,0.16693180632417048,0
1708582956, 622525492,1297616,4096,0.5445118646919174,0
1708582956, 622634989,39031456,4096,0.37497822078418513,0
1708582956, 622917319,23031040,4096,0.3240998479329221,0
1708582956, 623161004,14959672,4096,0.12587006278424884,0
1708582956, 623446555,17707680,4096,0.14094277113527937,0
1708582956, 623669843,32961240,4096,0.12798126750327002,0
1708582956, 623931777,21858752,4096,0.12646816115857465,0
1708582956, 624234504,21858728,4096,0.12931869450785405,0
1708582956, 624540451,2131008,4096,0.5208908654652236,0
1708582956, 624693962,2131048,4096,0.48301600073939843,0
1708582956, 624907588,2131088,4096,0.5304398005595559,0
1708582956, 625052511,2131104,4096,0.5095080374220528,0
1708582956, 625053584,2131112,4096,0.5313375540905547,0
1708582956, 625053584,2131120,4096,0.5329698208329944,0
1708582956, 625053584,2131128,4096,0.5162262984347714,0
1708582956, 625292975,2131144,4096,0.5314453476798252,0
1708582956, 625520557,2131176,4096,0.5265158494117838,0
1708582956, 625616098,2131192,4096,0.511911208695394,0
1708582956, 625801814,2131208,4096,0.2872789011491008,0
1708582956, 625978941,2131224,4096,0.2902570378861997,0
1708582956, 626262345,1771336,4096,0.33084456502738246,0
1708582956, 626455575,1341208,4096,0.4479990758714547,0
1708582956, 626455575,1341216,4096,0.5464068892216509,0
1708582956, 626713215,34602008,4096,0.4713825338313363,0
1708582956, 627018089,21534312,4096,0.16801752023466088,0
1708582956, 627262847,21527400,4096,0.13041606536869138,0
1708582956, 627556986,29636808,4096,0.16820593580791418,0
1708582956, 627824288,29636816,4096,0.1295698272534802,0
1708582956, 627987460,29636824,4096,0.12771904058691605,0
1708582956, 628188204,31316040,4096,0.16790865447728684,0
1708582956, 628374993,31316048,4096,0.16831116527759715,0
1708582956, 628654103,3163056,4096,0.23699198985726883,0
1708582956, 628957904,7538224,4096,0.0799516429578837,0
1708582956, 629102826,7538296,4096,0.04220078831799879,0
1708582956, 629298203,7538440,4096,0.05467804308320303,0
1708582956, 629402333,7538456,4096,0.02929140328810613,0
1708582956, 629606298,7538496,4096,0.10894434639132754,0
1708582956, 629796307,7538552,4096,0.08005980533888844,0
1708582956, 629999199,7538608,4096,0.02608160070309932,0
1708582956, 630101181,7538640,4096,0.05120963925762733,0
1708582957, 995249773,50247224,4096,0.20330490177511473,0
1708582957, 995612616,50280648,4096,0.3491062469897236,0
1708582957, 995972238,50369936,4096,0.3390776799350626,0
1708582957, 996311464,50370568,4096,0.29598853952981274,0
1708582957, 996677528,50373264,4096,0.2669726721595058,0
1708582957, 997696279,122027616,4096,0.401484091438053,0
1708582957, 997696279,122027624,4096,0.22093763915488748,0
1708582957, 997696279,122027632,4096,0.26945516867163427,0
1708582957, 997696279,122027640,4096,0.339510900690204,0
1708582957, 997948552,121924256,4096,0.19309359798905668,0
1708582957, 997949625,121924264,4096,-0.0,0
1708582957, 997949625,121924272,4096,-0.0,0
1708582957, 997949625,121924280,4096,-0.0,0
1708582957, 998246985,50416672,4096,0.40105975462538795,0
1708582957, 999084315,122027648,4096,0.33539898027720344,0
1708582957, 999085388,122027656,4096,0.3575713394553955,0
1708582957, 999085388,122027664,4096,0.32176498616881666,0
1708582957, 999085388,122027672,4096,0.27677895895978133,0
1708582957, 999396703,121924256,4096,0.19529731307899906,0
1708582957, 999396703,121924264,4096,-0.0,0
1708582957, 999397777,121924272,4096,-0.0,0
1708582957, 999397777,121924280,4096,-0.0,0
1708582957, 999831471,50416904,4096,0.35693877502162114,0
1708582958,    557157,122027680,4096,0.32312011329589413,0
1708582958,    557157,122027688,4096,0.34246289888705106,0
1708582958,    557157,122027696,4096,0.309020794222711,0
1708582958,    557157,122027704,4096,0.3085291531225812,0
1708582958,    811576,121924256,4096,0.19776918207058908,0
1708582958,    811576,121924264,4096,-0.0,0
1708582958,    811576,121924272,4096,-0.0,0
1708582958,    812650,121924280,4096,-0.0,0
1708582958,   1248491,50417168,4096,0.3086774709539488,0
1708582958,   1459970,50417232,4096,0.2708560260853714,0
1708582958,   2361710,122027712,4096,0.7520703935402326,0
1708582958,   2362784,122027720,4096,0.7648387953512011,0
1708582958,   2362784,122027728,4096,0.7529178230425235,0
1708582958,   2362784,122027736,4096,0.7457557088329682,0
1708582958,   2362784,122027744,4096,0.7592201496638702,0
1708582958,   2363857,122027752,4096,0.7605013738595712,0
1708582958,   2363857,122027760,4096,0.7703230194569198,0
1708582958,   2363857,122027768,4096,0.7526059708088827,0
1708582958,   2364931,122027776,4096,0.7347077450094431,0
1708582958,   2364931,122027784,4096,0.7598252941811516,0
1708582958,   2364931,122027792,4096,0.740033694293097,0
1708582958,   2366004,122027800,4096,0.7598505096689229,0
1708582958,   2657996,121924256,4096,0.20465483969066758,0
1708582958,   2657996,121924264,4096,-0.0,0
1708582958,   2659070,121924272,4096,-0.0,0
1708582958,   2659070,121924280,4096,-0.0,0
1708582958,   3033721,34173072,4096,0.9941302555473227,0
1708582958,   3034795,34173080,4096,0.9947000506560073,0
1708582958,   3034795,34173088,4096,0.9937788521494743,0
1708582958,   3034795,34173096,4096,0.9937927102741495,0
1708582958,   3035868,34173104,4096,0.9945352800160655,0
1708582958,   3035868,34173112,4096,0.9941143014380849,0
1708582958,   3035868,34173120,4096,0.9940230084131482,0
1708582958,   3036942,34173128,4096,0.9951683209429246,0
1708582958,   3036942,34173136,4096,0.9938970229996111,0
1708582958,   3036942,34173144,4096,0.9939738817670661,0
1708582958,   3038015,34173152,4096,0.9945684622244382,0
1708582958,   3038015,34173160,4096,0.9406305267020796,0
1708582958,   3587647,11176584,3584,0.47821849617248274,0
1708582958,   4019194,3621992,4096,0.40705337776189654,0
1708582958,   4229600,2324888,1024,0.2723323192581797,0
1708582958,   4642898,3698392,4096,0.4530819791787809,0
1708582958,   4852230,32972096,2560,0.44595339408720736,0
1708582958,   5276263,21713312,4096,0.46889832956257954,0
1708582958,   5277336,21713320,4096,0.5270578114229676,0
1708582958,   5278410,21713328,4096,0.4949572702103083,0
1708582958,   5279483,21713336,4096,0.4985356500866533,0
1708582958,   5279483,21713344,4096,0.49862993685385726,0
1708582958,   5280557,21713352,4096,0.49824808861617353,0
1708582958,   5281630,21713360,4096,0.49852879940607964,0
1708582958,   5282704,21713368,4096,0.49840188895106147,0
1708582958,   5283777,21713376,4096,0.49847855841963506,0
1708582958,   5284851,21713384,4096,0.50233704021777,0
1708582958,   5285924,21713392,4096,0.47996657001170584,0
1708582958,   5285924,21713400,4096,0.46676914888867244,0
1708582958,   5286998,21713408,4096,0.5462566404287731,0
1708582958,   5288071,21713416,4096,0.49830191462225354,0
1708582958,   5289145,21713424,4096,0.4665893165995082,0
1708582958,   5290218,21713432,4096,0.5080433366625697,0
1708582958,   5290218,21713440,4096,0.48095637295379656,0
1708582958,   5292365,21713448,4096,0.5015804787675093,0
1708582958,   5292365,21713456,4096,0.49879023835578823,0
1708582958,   5293439,21713464,4096,0.498515349333647,0
1708582958,   5294512,21713472,4096,0.49853548071953313,0
1708582958,   5294512,21713480,4096,0.49818460350625304,0
1708582958,   5295586,21713488,4096,0.4984445753948203,0
1708582958,   5296659,21713496,4096,0.49921531703369304,0
1708582958,   5297733,21713504,4096,0.4989969503234452,0
1708582958,   5298806,21713512,4096,0.501912656150064,0
1708582958,   5298806,21713520,4096,0.44518775004975153,0
1708582958,   5299880,21713528,4096,0.4230042943832981,0
1708582958,   5300953,21713536,4096,0.4228810873491671,0
1708582958,   5302027,21713544,4096,0.4222109465626975,0
1708582958,   5302027,21713552,4096,0.4452881861977707,0
1708582958,   5303100,21713560,4096,0.49117623992530923,0
1708582959, 307332150,2985216,2560,0.4637750172113887,0
1708582959, 308416385,1787112,4096,0.6033266762575539,0
1708582959, 308416385,1787120,4096,0.6590508819317521,0
1708582959, 308417459,1787128,4096,0.6502620094298622,0
1708582959, 308417459,1787136,4096,0.6202188365286163,0
1708582959, 308418532,1787144,4096,0.6559671670618462,0
1708582959, 308418532,1787152,4096,0.6730263391019259,0
1708582959, 308419606,1787160,4096,0.6492959221842162,0
1708582959, 308420679,1787168,4096,0.6553557636354961,0
1708582959, 308421753,1787176,4096,0.6600225914466771,0
1708582959, 308421753,1787184,4096,0.6512521964516897,0
1708582959, 308422826,1787192,4096,0.6601565308236415,0
1708582959, 308423900,1787200,4096,0.6548827980751156,0
1708582959, 308424973,1787208,4096,0.6622020963834275,0
1708582959, 308426047,1787216,4096,0.6588544933164792,0
1708582959, 308426047,1787224,4096,0.6501697912998263,0
1708582959, 308427120,1787232,4096,0.6138044325438855,0
1708582959, 309060485,29499736,4096,0.5262457711645481,0
1708582959, 309060485,29499744,4096,0.5542832781781675,0
1708582959, 309061559,29499752,4096,0.5754143848762024,0
1708582959, 309061559,29499760,4096,0.5685270762409614,0
1708582959, 309062632,29499768,4096,0.5751482025691723,0
1708582959, 309063706,29499776,4096,0.5809804607333356,0
1708582959, 309063706,29499784,4096,0.5955678291230384,0
1708582959, 309064779,29499792,4096,0.5867265318249665,0
1708582959, 309065853,29499800,4096,0.5839724738571548,0
1708582959, 309066926,29499808,4096,0.6004455883362062,0
1708582959, 309066926,29499816,4096,0.5801338985474412,0
1708582959, 309068000,29499824,4096,0.5872838484382895,0
1708582959, 309068000,29499832,4096,0.5819646297275952,0
1708582959, 309069073,29499840,4096,0.5945034502030812,0
1708582959, 309070147,29499848,4096,0.5944801907983805,0
1708582959, 309071220,29499856,4096,0.6022056059998897,0
1708582959, 458201840,7415056,4096,0.41114539939385464,0
1708582959, 458202914,7415064,4096,0.4236063476380817,0
1708582959, 458202914,7415072,4096,0.42433367349043116,0
1708582959, 458202914,7415080,4096,0.4234703048895697,0
1708582959, 458202914,7415088,4096,0.4019309520965806,0
1708582959, 458203987,7415096,4096,0.4285871797308271,0
1708582959, 458203987,7415104,4096,0.41955443518827246,0
1708582959, 458203987,7415112,4096,0.385689607145484,0
1708582959, 458203987,7415120,4096,0.42623023163308144,0
1708582959, 458205061,7415128,4096,0.4241100114986143,0
1708582959, 458205061,7415136,4096,0.3923786023308566,0
1708582959, 458205061,7415144,4096,0.3410441342698072,0
1708582959, 458206134,7415152,4096,0.4822959204800644,0
1708582959, 458206134,7415160,4096,0.43993246472202363,0
1708582959, 458206134,7415168,4096,0.3863640728117931,0
1708582959, 458206134,7415176,4096,0.3716051124218215,0
1708582959, 458207208,7415184,4096,0.34960275308302174,0
1708582959, 459238841,7407088,4096,0.08021919397750205,0
1708582959, 468561115,7407080,4096,0.02053076668952763,0
1708582959, 468993736,0,512,0.02976202462457768,0
1708582960, 384714038,38759968,4096,0.7729360816700771,0
1708582960, 385032867,41303089,512,0.15247488465113743,0
1708582960, 385062925,41303090,2048,0.4383243076212868,0
1708582960, 385426842,7407216,4096,0.1837586499261175,0
1708582960, 385426842,7407224,4096,0.31863325676242027,0
1708582960, 394110383,41303094,1024,0.22047022816578016,0
1708582960, 394418478,41303096,1024,0.3097758278105826,0
1708582960, 409740543,128919912,4096,0.5293184745060256,0
1708582960, 409741617,128919920,4096,0.5215392731147205,0
1708582960, 409742690,128919928,4096,0.6119955863787675,0
1708582960, 409742690,128919936,4096,0.5397019061733852,0
1708582960, 409743764,128919944,4096,0.6053553395931811,0
1708582960, 409743764,128919952,4096,0.6096986680544888,0
1708582960, 409744837,128919960,4096,0.5836332062171937,0
1708582960, 409744837,128919968,4096,0.5510921997498144,0
1708582960, 409745911,128919976,4096,0.581439194545199,0
1708582960, 409746984,128919984,4096,0.6287448527556486,0
1708582960, 409746984,128919992,4096,0.5926121286600444,0
1708582960, 409748058,128920000,4096,0.6060658375912944,0
1708582960, 409748058,128920008,4096,0.5530006006059772,0
1708582960, 409749131,128920016,4096,0.5410952578584532,0
1708582960, 409750205,128920024,4096,0.6922315840497979,0
1708582960, 409750205,128920032,4096,0.7598298314641788,0
1708582960, 409751278,128920040,4096,0.46247787738018153,0
1708582960, 409752352,128920048,4096,0.5786135315768866,0
1708582960, 409752352,128920056,4096,0.5733044777045826,0
1708582960, 409753425,128920064,4096,0.5440100899233663,0
1708582960, 409754499,128920072,4096,0.7096101433385578,0
1708582960, 409754499,128920080,4096,0.5492459571102764,0
1708582960, 409755572,128920088,4096,0.5376994111128577,0
1708582960, 409755572,128920096,4096,0.5529029088792262,0
1708582960, 409756646,128920104,4096,0.551373869714007,0
1708582960, 409757719,128920112,4096,0.5373810077904598,0
1708582960, 409757719,128920120,4096,0.5576225189053149,0
1708582960, 409758793,128920128,4096,0.5422213142777613,0
1708582960, 409759866,128920136,4096,0.560971463734589,0
1708582960, 409760940,128920144,4096,0.5106684780135583,0
1708582960, 409760940,128920152,4096,0.5821994086423826,0
1708582960, 409762013,128920160,4096,0.6335388812178451,0
1708582960, 409799586,128920168,4096,0.5941284660528353,0
1708582960, 409800659,128920176,4096,0.4908997708642436,0
1708582960, 409801733,128920184,4096,0.4876944387991725,0
1708582960, 409801733,128920192,4096,0.5889501174592189,0
1708582960, 409802806,128920200,4096,0.6206744334182028,0
1708582960, 409803880,128920208,4096,0.5856747831505489,0
1708582960, 409804953,128920216,4096,0.05967765642634341,0
1708582960, 410293396,7407096,4096,0.36040804534510335,0
1708582960, 410294469,7407104,4096,0.13670079366608584,0
1708582960, 419928058,7407232,4096,0.4126227554624883,0
1708582960, 419929132,7407240,4096,0.09129587960098297,0
1708582960, 420107333,77735992,4096,0.45860074876364954,0
1708582960, 420128803,43313896,4096,0.03983754691102079,0
1708582960, 420352091,7407112,4096,0.17758829177238344,0
1708582960, 692623896,7407240,4096,0.35016468692095787,0
1708582960, 701980522,122027808,4096,0.29676603675683993,0
1708582960, 701981595,122027816,4096,0.3965810247674121,0
1708582960, 701981595,122027824,4096,0.2757035499354698,0
1708582960, 701981595,122027832,4096,0.28398786574291657,0
1708582960, 702299351,121924256,4096,0.20715743472855874,0
1708582960, 702299351,121924264,4096,-0.0,0
1708582960, 702299351,121924272,4096,-0.0,0
1708582960, 702299351,121924280,4096,-0.0,0
1708582960, 702622475,50429552,4096,0.2762057166294819,0
1708582960, 703635859,122027840,4096,0.2963198952939948,0
1708582960, 703635859,122027848,4096,0.29690767596877693,0
1708582960, 703635859,122027856,4096,0.2661387855484188,0
1708582960, 703635859,122027864,4096,0.2623286716761639,0
1708582960, 703925704,121924256,4096,0.2094246613051757,0
1708582960, 703925704,121924264,4096,-0.0,0
1708582960, 703925704,121924272,4096,-0.0,0
1708582960, 703926777,121924280,4096,-0.0,0
1708582960, 704365839,50429576,4096,0.29685847113761277,0
1708582960, 704365839,50429584,4096,0.2661087022893083,0
1708582960, 705151641,122027872,4096,0.3114172879353762,0
1708582960, 705152714,122027880,4096,0.24360004702282054,0
1708582960, 705152714,122027888,4096,0.24318562956458323,0
1708582960, 705152714,122027896,4096,0.27039335836478795,0
1708582960, 705427530,121924256,4096,0.21182593881288037,0
1708582960, 705427530,121924264,4096,-0.0,0
1708582960, 705427530,121924272,4096,-0.0,0
1708582960, 705428604,121924280,4096,-0.0,0
1708582960, 705869812,50429600,4096,0.31179590936150775,0
1708582960, 705870886,50429608,4096,0.24380202970330989,0
1708582960, 706219773,50429624,4096,0.27140444904876226,0
1708582960, 706991620,122027904,4096,0.26994638362103296,0
1708582960, 706991620,122027912,4096,0.4211264889946705,0
1708582960, 706992693,122027920,4096,0.4230001807227768,0
1708582960, 706992693,122027928,4096,0.3085245614414223,0
1708582960, 706992693,122027936,4096,0.394075461018185,0
1708582960, 706993767,122027944,4096,0.4273805860237036,0
1708582960, 706993767,122027952,4096,0.4115864172835684,0
1708582960, 706993767,122027960,4096,0.234066502118506,0
1708582960, 707242819,121924256,4096,0.21651300611396931,0
1708582960, 707242819,121924264,4096,-0.0,0
1708582960, 707242819,121924272,4096,-0.0,0
1708582960, 707242819,121924280,4096,-0.0,0
1708582960, 707615323,50429656,4096,0.3083610455674873,0
1708582960, 707615323,50429664,4096,0.39476157618533225,0
1708582960, 708052238,1617784,4096,0.5186140687723906,0
1708582960, 708053311,1617792,4096,0.5239295298654258,0
1708582960, 708054385,1617800,4096,0.5283214045877836,0
1708582960, 708054385,1617808,4096,0.5258249516174245,0
1708582960, 708055458,1617816,4096,0.5287912782591088,0
1708582960, 708056532,1617824,4096,0.5327321877397725,0
1708582960, 708057605,1617832,4096,0.529805713647153,0
1708582960, 708058679,1617840,4096,0.5531567709583222,0
1708582960, 708058679,1617848,4096,0.5442606645979355,0
1708582960, 708622266,41771872,4096,0.515907883576562,0
1708582960, 708623340,41771880,4096,0.5327579295204494,0
1708582960, 708623340,41771888,4096,0.5034738516749504,0
1708582960, 708624413,41771896,4096,0.539930839202809,0
1708582960, 708625487,41771904,4096,0.5268567084728737,0
1708582960, 708626560,41771912,4096,0.5282161409288725,0
1708582960, 708626560,41771920,4096,0.5081498726651779,0
1708582960, 708627634,41771928,4096,0.5221358137399112,0
1708582960, 708628707,41771936,4096,0.5287655420360214,0
1708582960, 708629781,41771944,4096,0.5303974119569221,0
1708582960, 708630854,41771952,4096,0.5271066224949381,0
1708582960, 708631928,41771960,4096,0.5340639298794668,0
1708582960, 708631928,41771968,4096,0.5385955926798224,0
1708582960, 714948402,122027968,4096,0.7591634212157506,0
1708582960, 714948402,122027976,4096,0.7533681623095664,0
1708582960, 714948402,122027984,4096,0.7668618928803792,0
1708582960, 714948402,122027992,4096,0.7877495475625789,0
1708582960, 714949475,122028000,4096,0.7497916006991528,0
1708582960, 714949475,122028008,4096,0.7496655878517243,0
1708582960, 714949475,122028016,4096,0.7693841344158153,0
1708582960, 714950549,122028024,4096,0.7491796410595423,0
1708582960, 714950549,122028032,4096,0.7507599360752852,0
1708582960, 714950549,122028040,4096,0.7537150111593631,0
1708582960, 714951622,122028048,4096,0.7460637488086052,0
1708582960, 714951622,122028056,4096,0.7517427119433482,0
1708582960, 714951622,122028064,4096,0.7470552213001962,0
1708582960, 714952696,122028072,4096,0.7455495852259104,0
1708582960, 714952696,122028080,4096,0.7415401184980407,0
1708582960, 714953769,122028088,4096,0.7477822188601938,0
1708582960, 715355258,121924256,4096,0.22501349326610598,0
1708582960, 715356332,121924264,4096,-0.0,0
1708582960, 715356332,121924272,4096,-0.0,0
1708582960, 715356332,121924280,4096,-0.0,0
1708582960, 715737424,34173160,4096,0.9940126718370487,0
1708582960, 715737424,34173168,4096,0.9935771940842084,0
1708582960, 715738498,34173176,4096,0.9946782801673543,0
1708582960, 715738498,34173184,4096,0.99366583632338,0
1708582960, 715739571,34173192,4096,0.994001643192777,0
1708582960, 715739571,34173200,4096,0.9947482789847195,0
1708582960, 715739571,34173208,4096,0.9939680021743174,0
1708582960, 715740645,34173216,4096,0.9946769009746244,0
1708582960, 715740645,34173224,4096,0.9941566736398167,0
1708582960, 715740645,34173232,4096,0.9938244944016152,0
1708582960, 715741718,34173240,4096,0.9944289768917219,0
1708582960, 715741718,34173248,4096,0.9938969162079679,0
1708582960, 715741718,34173256,4096,0.9947054013607549,0
1708582960, 715742792,34173264,4096,0.994609100440101,0
1708582960, 715742792,34173272,4096,0.9939492382535215,0
1708582960, 715742792,34173280,4096,0.9945392950672793,0
1708582960, 715743865,34173288,4096,0.9944390872745833,0
1708582960, 715744939,34173296,4096,0.9939568672117153,0
1708582960, 715746012,34173304,4096,0.9933478349018192,0
1708582964, 457349122,7415192,4096,0.1831377549561582,0
1708582964, 457349122,7415200,4096,0.3599278144503124,0
1708582964, 457350196,7415208,4096,0.4122351064755184,0
1708582964, 457350196,7415216,4096,0.38946817463601807,0
1708582964, 457350196,7415224,4096,0.4160109170478333,0
1708582964, 457351269,7415232,4096,0.38791111405958895,0
1708582964, 457351269,7415240,4096,0.3868249382598311,0
1708582964, 457351269,7415248,4096,0.3941046638819299,0
1708582964, 457351269,7415256,4096,0.3953292331246171,0
1708582964, 458215437,7407088,4096,0.39468922175490867,0
1708582964, 458215437,7407096,4096,0.4030025085788228,0
1708582964, 458215437,7407104,4096,0.398466913482565,0
1708582964, 458216510,7407112,4096,0.40062747204409654,0
1708582964, 458216510,7407120,4096,0.3979124261197517,0
1708582964, 458216510,7407128,4096,0.40192892684015324,0
1708582964, 458216510,7407136,4096,0.40151082581546615,0
1708582964, 458217584,7407144,4096,0.39822853098800803,0
1708582964, 458217584,7407152,4096,0.38995386591049913,0
1708582964, 458217584,7407160,4096,0.4042395969200985,0
1708582964, 458218657,7407168,4096,0.4178694122346583,0
1708582964, 458218657,7407176,4096,0.3962545098155192,0
1708582964, 458218657,7407184,4096,0.3933107514273668,0
1708582964, 458219731,7407192,4096,0.4041020681272386,0
1708582964, 458219731,7407200,4096,0.39567576539134747,0
1708582964, 458219731,7407208,4096,0.07694848974268562,0
1708582964, 467784616,1308136,4096,-0.0,0
1708582964, 995717960,77755040,4096,0.3498146738495268,0
1708582964, 996719536,41303098,512,0.1572412290995311,0
1708582964, 996749594,41303099,1024,0.36839205991905566,0
1708582964, 997089893,7407336,4096,0.3687825427528746,0
1708582964, 999712454,41303101,1024,0.21547524077951305,0
1708582964, 999945403,41303103,1024,0.30919539720729117,0
1708582965,  38080417,114491176,4096,0.7744816745933465,0
1708582965,  38368115,41303105,512,0.1528127943155061,0
1708582965,  38397100,41303106,2048,0.43901120928296256,0
1708582965,  38714856,7415264,4096,0.39451236754188673,0
1708582965,  38715929,7415272,4096,0.4026110891741726,0
1708582965,  38717003,7415280,4096,0.39816826729474225,0
1708582965,  38717003,7415288,4096,0.4000923313063776,0
1708582965,  38717003,7415296,4096,0.3975135911065255,0
1708582965,  38718076,7415304,4096,0.4014631038654425,0
1708582965,  38718076,7415312,4096,0.40112696724890545,0
1708582965,  38718076,7415320,4096,0.3978383739029534,0
1708582965,  38718076,7415328,4096,0.38944776380411467,0
1708582965,  38719150,7415336,4096,0.40364751125447373,0
1708582965,  38719150,7415344,4096,0.41739640043659043,0
1708582965,  38719150,7415352,4096,0.39580218743420004,0
1708582965,  38720223,7415360,4096,0.3927401030280895,0
1708582965,  38720223,7415368,4096,0.40353063422049007,0
1708582965,  38720223,7415376,4096,0.395136281023017,0
1708582965,  38721297,7415384,4096,0.4022473440633237,0
1708582965,  38721297,7415392,4096,0.36481950690334675,0
1708582965,  39233356,7407088,4096,0.1737327739932397,0
1708582965,  48318387,41303110,1024,0.2187045551376173,0
1708582965,  48599644,41303112,1024,0.3086225521784586,0
1708582969, 456260234,7415400,4096,0.4324954462416512,0
1708582969, 456261308,7415408,4096,0.4875440495657505,0
1708582969, 456261308,7415416,4096,0.4197404882194905,0
1708582969, 456262381,7415424,4096,0.3844597202423067,0
1708582969, 456262381,7415432,4096,0.3714422793527082,0
1708582969, 456262381,7415440,4096,0.3649922436623877,0
1708582969, 457169489,7407216,4096,0.017669144881494826,0
1708582969, 469205571,7407072,4096,0.02044669419495477,0
1708582969, 469747688,0,512,0.045384811685959384,0
1708582971, 723927225,3699256,4096,0.5095027199058784,0
1708582974,  45284356,40425720,4096,0.6642759806946856,0
1708582974, 604788262,7407088,4096,0.09564650479111082,0
1708582974, 723053610,7672760,4096,0.45789098513444454,0
1708582976, 944464559,128917376,4096,0.5651671109207418,0
1708582976, 944465632,128917384,4096,0.647027415738087,0
1708582976, 944465632,128917392,4096,0.6267042055177522,0
1708582976, 944465632,128917400,4096,0.6519186122020911,0
1708582976, 944466706,128917408,4096,0.6028229636720424,0
1708582976, 944466706,128917416,4096,0.5472948251744679,0
1708582976, 944466706,128917424,4096,0.5524387444703579,0
1708582976, 944467779,128917432,4096,0.5554181491255807,0
1708582976, 944467779,128917440,4096,0.4632024079886584,0
1708582976, 944467779,128917448,4096,0.5692925464217314,0
1708582976, 944469926,128917456,4096,0.5749796060521337,0
1708582976, 944469926,128917464,4096,0.515846165954001,0
1708582976, 944469926,128917472,4096,0.4561459803468538,0
1708582976, 944471000,128917480,4096,0.5726269511383748,0
1708582976, 944471000,128917488,4096,0.544977425416522,0
1708582976, 944472073,128917496,4096,0.5676410414374317,0
1708582976, 944478514,128917504,4096,0.6039585386865765,0
1708582976, 944478514,128917512,4096,0.5992434165711101,0
1708582976, 944479588,128917520,4096,0.6070161226684817,0
1708582976, 944479588,128917528,4096,0.5384622800717455,0
1708582976, 944479588,128917536,4096,0.5753711618491639,0
1708582976, 944480661,128917544,4096,0.5924551539934331,0
1708582976, 944480661,128917552,4096,0.6172197675616399,0
1708582976, 944480661,128917560,4096,0.4409719965061926,0
1708582976, 944480661,128917568,4096,0.48127507985198953,0
1708582976, 944481735,128917576,4096,0.46089099459139704,0
1708582976, 944481735,128917584,4096,0.4326802256251732,0
1708582976, 944481735,128917592,4096,0.47090903531576184,0
1708582976, 944482808,128917600,4096,0.46453877739114746,0
1708582976, 944482808,128917608,4096,0.4758414379048477,0
1708582976, 944482808,128917616,4096,0.44931601397815435,0
1708582976, 944483882,128917624,4096,0.4596688829280547,0
1708582976, 944630951,128917632,4096,0.44024483810454507,0
1708582976, 944630951,128917640,4096,0.485607984412877,0
1708582976, 944630951,128917648,4096,0.44076275016597827,0
1708582976, 944633098,128917656,4096,0.4797560969165825,0
1708582976, 944633098,128917664,4096,0.43768461257723434,0
1708582976, 944634172,128917672,4096,0.4740084118316808,0
1708582976, 944634172,128917680,4096,0.48112650357495396,0
1708582976, 944635245,128917688,4096,0.4409628953556702,0
1708582976, 944635245,128917696,4096,0.4791191184173473,0
1708582976, 944635245,128917704,4096,0.4642224775976498,0
1708582976, 944636319,128917712,4096,0.44136252815684923,0
1708582976, 944636319,128917720,4096,0.5249416891522496,0
1708582976, 944636319,128917728,4096,0.49776639567339165,0
1708582976, 944637392,128917736,4096,0.49941053459864165,0
1708582976, 944638466,128917744,4096,0.5006327684262488,0
1708582976, 944638466,128917752,4096,0.49619560961517345,0
1708582976, 944647054,128917760,4096,0.4945000126870204,0
1708582976, 944647054,128917768,4096,0.49621611772436114,0
1708582976, 944648127,128917776,4096,0.4909560297273254,0
1708582976, 944648127,128917784,4096,0.5040271352953934,0
1708582976, 944648127,128917792,4096,0.5017238856226353,0
1708582976, 944649201,128917800,4096,0.5059554247981389,0
1708582976, 944649201,128917808,4096,0.49787161382147577,0
1708582976, 944650274,128917816,4096,0.49412513776447775,0
1708582976, 944650274,128917824,4096,0.4940023736804665,0
1708582976, 944651348,128917832,4096,0.5005636809518721,0
1708582976, 944652421,128917840,4096,0.48943636348586517,0
1708582976, 944652421,128917848,4096,0.4968943131077855,0
1708582976, 944652421,128917856,4096,0.49020772678103686,0
1708582976, 944653495,128917864,4096,0.4938033366667798,0
1708582976, 944653495,128917872,4096,0.4931994467305023,0
1708582976, 944653495,128917880,4096,0.4933406039218199,0
1708582976, 944702876,128917888,4096,0.49716786785719425,0
1708582976, 944703949,128917896,4096,0.490492631703385,0
1708582976, 944703949,128917904,4096,0.4840612881307993,0
1708582976, 944703949,128917912,4096,0.4906281260710388,0
1708582976, 944703949,128917920,4096,0.4905701252628865,0
1708582976, 944705023,128917928,4096,0.4989469879389149,0
1708582976, 944705023,128917936,4096,0.5053051113212266,0
1708582976, 944705023,128917944,4096,0.5059554718450983,0
1708582976, 944706096,128917952,4096,0.5070713495355957,0
1708582976, 944706096,128917960,4096,0.5099049540370437,0
1708582976, 944706096,128917968,4096,0.5058019611753974,0
1708582976, 944707170,128917976,4096,0.4985555893259059,0
1708582976, 944707170,128917984,4096,0.5047074153421697,0
1708582976, 944707170,128917992,4096,0.5076819200831033,0
1708582976, 944708243,128918000,4096,0.4901336557934431,0
1708582976, 944708243,128918008,4096,0.49204001842084616,0
1708582976, 944714684,128918016,4096,0.4814699154986356,0
1708582976, 944715758,128918024,4096,0.502063921256268,0
1708582976, 944715758,128918032,4096,0.498790939729944,0
1708582976, 944716831,128918040,4096,0.5123984572070297,0
1708582976, 944716831,128918048,4096,0.45360287281267,0
1708582976, 944717905,128918056,4096,0.5156149275626584,0
1708582976, 944717905,128918064,4096,0.5523743785144989,0
1708582976, 944717905,128918072,4096,0.5036008837273799,0
1708582976, 944718978,128918080,4096,0.5201171010038701,0
1708582976, 944718978,128918088,4096,0.558195387789436,0
1708582976, 944718978,128918096,4096,0.6006097294118674,0
1708582976, 944720052,128918104,4096,0.5424831803638235,0
1708582976, 944720052,128918112,4096,0.49265965246616206,0
1708582976, 944720052,128918120,4096,0.5303915943601235,0
1708582976, 944721125,128918128,4096,0.5891050992932303,0
1708582976, 944721125,128918136,4096,0.6038808964524104,0
1708582976, 944768359,128918144,4096,0.5770813268858673,0
1708582976, 944768359,128918152,4096,0.5966968824169909,0
1708582976, 944768359,128918160,4096,0.5824638011400021,0
1708582976, 944768359,128918168,4096,0.5077667034235945,0
1708582976, 944769433,128918176,4096,0.580153942206915,0
1708582976, 944769433,128918184,4096,0.5339598703118552,0
1708582976, 944769433,128918192,4096,0.6377160378444722,0
1708582976, 944770506,128918200,4096,0.5765127010929985,0
1708582976, 944770506,128918208,4096,0.6762118877883432,0
1708582976, 944771580,128918216,4096,0.5866156215363307,0
1708582976, 944771580,128918224,4096,0.6827106704939389,0
1708582976, 944771580,128918232,4096,0.5779545626643429,0
1708582976, 944772653,128918240,4096,0.5655596902090474,0
1708582976, 944772653,128918248,4096,0.5897708406123362,0
1708582976, 944773727,128918256,4096,0.5014224247310114,0
1708582976, 944773727,128918264,4096,0.46849824945664176,0
1708582976, 944780168,128918272,4096,0.5767116695211373,0
1708582976, 944781241,128918280,4096,0.620597791369447,0
1708582976, 944781241,128918288,4096,0.5122663494167059,0
1708582976, 944782315,128918296,4096,0.4875095178032632,0
1708582976, 944782315,128918304,4096,0.48541520935995214,0
1708582976, 944782315,128918312,4096,0.6479225298647555,0
1708582976, 944783388,128918320,4096,0.6596659213467639,0
1708582976, 944783388,128918328,4096,0.5766965592189459,0
1708582976, 944783388,128918336,4096,0.654277242305184,0
1708582976, 944784462,128918344,4096,0.5762444705022104,0
1708582976, 944785535,128918352,4096,0.553418828000717,0
1708582976, 944785535,128918360,4096,0.5980124854693035,0
1708582976, 944785535,128918368,4096,0.6168004170901423,0
1708582976, 944786609,128918376,4096,0.61557000158852,0
1708582976, 944786609,128918384,4096,0.6688294760241059,0
1708582976, 944787682,128918392,4096,0.6666396334726338,0
1708582976, 944827402,128918400,4096,0.6645909162286292,0
1708582976, 944827402,128918408,4096,0.667853633161024,0
1708582976, 944827402,128918416,4096,0.512127261354494,0
1708582976, 944828475,128918424,4096,0.6209910666406284,0
1708582976, 944828475,128918432,4096,0.5003466433937613,0
1708582976, 944828475,128918440,4096,0.48758244352840513,0
1708582976, 944829549,128918448,4096,0.5641867760888563,0
1708582976, 944829549,128918456,4096,0.7181933048863567,0
1708582976, 944829549,128918464,4096,0.6278974069652767,0
1708582976, 944830622,128918472,4096,0.5846697807774694,0
1708582976, 944830622,128918480,4096,0.6075610480899999,0
1708582976, 944831696,128918488,4096,0.5588601291328379,0
1708582976, 944831696,128918496,4096,0.5613309319036507,0
1708582976, 944832769,128918504,4096,0.5419735330625034,0
1708582976, 944832769,128918512,4096,0.5543461282054355,0
1708582976, 944833843,128918520,4096,0.5087551947328548,0
1708582976, 944842431,128918528,4096,0.5128933422378024,0
1708582976, 944842431,128918536,4096,0.6217429003225037,0
1708582976, 944842431,128918544,4096,0.661042588810224,0
1708582976, 944843504,128918552,4096,0.6151701525494586,0
1708582976, 944843504,128918560,4096,0.5624420785036397,0
1708582976, 944844578,128918568,4096,0.5480723655266839,0
1708582976, 944844578,128918576,4096,0.6484267253612923,0
1708582976, 944844578,128918584,4096,0.5152382056238382,0
1708582976, 944845651,128918592,4096,0.6274808085631032,0
1708582976, 944845651,128918600,4096,0.6579566210082406,0
1708582976, 944845651,128918608,4096,0.668270483360265,0
1708582976, 944846725,128918616,4096,0.592101529337621,0
1708582976, 944846725,128918624,4096,0.5459710174401889,0
1708582976, 944847798,128918632,4096,0.6747070459008907,0
1708582976, 944847798,128918640,4096,0.5602937553960508,0
1708582976, 944847798,128918648,4096,0.4881784481580867,0
1708582976, 944995941,128918656,4096,0.5737367545220553,0
1708582976, 944997015,128918664,4096,0.4743188249223452,0
1708582976, 944997015,128918672,4096,0.6609792486109389,0
1708582976, 944997015,128918680,4096,0.5794906243503185,0
1708582976, 944998088,128918688,4096,0.5938654633086243,0
1708582976, 944998088,128918696,4096,0.49368944403944015,0
1708582976, 944998088,128918704,4096,0.5224064483051816,0
1708582976, 944999162,128918712,4096,0.5970786312789172,0
1708582976, 944999162,128918720,4096,0.5148565477141986,0
1708582976, 944999162,128918728,4096,0.5029197573421592,0
1708582976, 945000235,128918736,4096,0.5861337988681969,0
1708582976, 945000235,128918744,4096,0.5026524272297154,0
1708582976, 945001309,128918752,4096,0.48896539945955725,0
1708582976, 945001309,128918760,4096,0.5690099657948584,0
1708582976, 945001309,128918768,4096,0.48046172189029096,0
1708582976, 945001309,128918776,4096,0.5272632812681214,0
1708582976, 945032440,128918784,4096,0.589666648142054,0
1708582976, 945032440,128918792,4096,0.5261793069140807,0
1708582976, 945032440,128918800,4096,0.5019198455842346,0
1708582976, 945033514,128918808,4096,0.5737938971439546,0
1708582976, 945033514,128918816,4096,0.5150331230444816,0
1708582976, 945034587,128918824,4096,0.515190123896744,0
1708582976, 945034587,128918832,4096,0.5427473559303745,0
1708582976, 945034587,128918840,4096,0.5769649928145043,0
1708582976, 945035661,128918848,4096,0.5279119509575525,0
1708582976, 945035661,128918856,4096,0.5242444272759456,0
1708582976, 945036734,128918864,4096,0.585469314263984,0
1708582976, 945036734,128918872,4096,0.5147772694257831,0
1708582976, 945037808,128918880,4096,0.5102652631429835,0
1708582976, 945037808,128918888,4096,0.6074734519861068,0
1708582976, 945037808,128918896,4096,0.5127120866365606,0
1708582976, 945038881,128918904,4096,0.5210508279012219,0
1708582976, 945091483,128918912,4096,0.5375834932570166,0
1708582976, 945091483,128918920,4096,0.520134513621446,0
1708582976, 945091483,128918928,4096,0.4783498841486543,0
1708582976, 945092556,128918936,4096,0.5628356216313933,0
1708582976, 945092556,128918944,4096,0.5603957892345937,0
1708582976, 945092556,128918952,4096,0.5102560778113139,0
1708582976, 945093630,128918960,4096,0.525222685452231,0
1708582976, 945093630,128918968,4096,0.6038654516382855,0
1708582976, 945093630,128918976,4096,0.5213541906025075,0
1708582976, 945094703,128918984,4096,0.530272568129705,0
1708582976, 945094703,128918992,4096,0.5971598644938877,0
1708582976, 945095777,128919000,4096,0.5266198614783077,0
1708582976, 945095777,128919008,4096,0.5115780015714321,0
1708582976, 945095777,128919016,4096,0.5471882459872188,0
1708582976, 945096850,128919024,4096,0.5691647013338349,0
1708582976, 945096850,128919032,4096,0.5293166605053247,0
1708582976, 945106512,128919040,4096,0.5087494651570321,0
1708582976, 945107585,128919048,4096,0.6046690887855921,0
1708582976, 945107585,128919056,4096,0.519547895813566,0
1708582976, 945108659,128919064,4096,0.5658378334874129,0
1708582976, 945108659,128919072,4096,0.5807427227205583,0
1708582976, 945108659,128919080,4096,0.49219807720997477,0
1708582976, 945109732,128919088,4096,0.48816293392562604,0
1708582976, 945109732,128919096,4096,0.5789560183765431,0
1708582976, 945110806,128919104,4096,0.49357390232320203,0
1708582976, 945110806,128919112,4096,0.5250241512287569,0
1708582976, 945110806,128919120,4096,0.6000524112026682,0
1708582976, 945111879,128919128,4096,0.53173544940443,0
1708582976, 945111879,128919136,4096,0.5260343873454323,0
1708582976, 945112953,128919144,4096,0.6001294120287044,0
1708582976, 945112953,128919152,4096,0.5013267267600249,0
1708582976, 945114026,128919160,4096,0.5160088152035016,0
1708582976, 945153746,128919168,4096,0.6093224514208898,0
1708582976, 945153746,128919176,4096,0.5166841141725411,0
1708582976, 945154819,128919184,4096,0.5179856249001071,0
1708582976, 945154819,128919192,4096,0.5344134011821415,0
1708582976, 945155893,128919200,4096,0.6056865789073752,0
1708582976, 945155893,128919208,4096,0.516592712715299,0
1708582976, 945155893,128919216,4096,0.5012244422779508,0
1708582976, 945155893,128919224,4096,0.5645346742430853,0
1708582976, 945156966,128919232,4096,0.49787545069484157,0
1708582976, 945156966,128919240,4096,0.5129165735434866,0
1708582976, 945158040,128919248,4096,0.5959021705375765,0
1708582976, 945158040,128919256,4096,0.5002623136720935,0
1708582976, 945158040,128919264,4096,0.5173088032010559,0
1708582976, 945159113,128919272,4096,0.605058155402352,0
1708582976, 945159113,128919280,4096,0.5227232099785436,0
1708582976, 945160187,128919288,4096,0.5244746381632799,0
1708582976, 945169848,128919296,4096,0.5245476372420791,0
1708582976, 945170922,128919304,4096,0.5850084423011923,0
1708582976, 945170922,128919312,4096,0.5186748062836244,0
1708582976, 945171995,128919320,4096,0.500526127187158,0
1708582976, 945171995,128919328,4096,0.5763730639442113,0
1708582976, 945171995,128919336,4096,0.4928668539801996,0
1708582976, 945173069,128919344,4096,0.5207012926523978,0
1708582976, 945173069,128919352,4096,0.5945477363355804,0
1708582976, 945174142,128919360,4096,0.5178582403857337,0
1708582976, 945174142,128919368,4096,0.5212587819782535,0
1708582976, 945174142,128919376,4096,0.5979397966234461,0
1708582976, 945175216,128919384,4096,0.5017824832054473,0
1708582976, 945175216,128919392,4096,0.5169651406873265,0
1708582976, 945175216,128919400,4096,0.5951409044660019,0
1708582976, 945176289,128919408,4096,0.5040997946506109,0
1708582976, 945176289,128919416,4096,0.501614407365583,0
1708582977,  17170678,7538736,4096,0.12800671715505488,0
1708582977,  17740707,7538752,4096,0.15974082084859828,0
1708582977,  17740707,7538760,4096,0.1765812949927249,0
1708582977,  17741780,7538768,4096,0.18155750404513799,0
1708582977,  18324691,7538784,4096,0.2430619460913703,0
1708582977,  18325764,7538792,4096,0.18579102005236947,0
1708582977,  18325764,7538800,4096,0.2230978663018691,0
1708582977,  18900087,7539024,4096,0.10877506331761534,0
1708582977,  19418587,7539040,4096,0.11218173435399488,0
1708582977,  19418587,7539048,4096,0.24901438789371838,0
1708582977,  19419661,7539056,4096,0.13843031761957805,0
1708582977,  19420734,7539064,4096,0.1440192698554764,0
1708582977,  20133538,7539088,4096,0.17098457002125697,0
1708582977,  20676729,7539104,4096,0.32835569345162435,0
1708582977,  21243537,7539136,4096,0.13879253879110565,0
1708582977,  21244611,7539144,4096,0.15616096251601966,0
1708582977,  21739494,7539280,4096,0.14043951070348532,0
1708582977,  21740568,7539288,4096,0.12896660839960358,0
1708582977,  22312743,7539328,4096,0.22553369246137167,0
1708582977,  22313817,7539336,4096,0.37410263367463514,0
1708582977,  22882772,7539360,4096,0.05971142921986118,0
1708582977,  22882772,7539368,4096,0.09575056079783557,0
1708582977,  23442065,7539408,4096,0.1212255493971749,0
1708582977,  24030343,7539424,4096,0.11157280326780124,0
1708582977,  25319617,122028096,4096,0.11268874316596791,0
1708582977,  25319617,122028104,4096,0.06332197457851747,0
1708582977,  25319617,122028112,4096,0.07605164391613685,0
1708582977,  25319617,122028120,4096,0.10572362343165889,0
1708582977,  25907895,121924256,4096,0.22729164661994367,0
1708582977,  25908968,121924264,4096,-0.0,0
1708582977,  25908968,121924272,4096,-0.0,0
1708582977,  25908968,121924280,4096,-0.0,0
1708582977,  26582053,7539576,4096,0.10838934040427503,0
1708582977,  26582053,7539584,4096,0.047754400913730816,0
1708582977,  27219712,7539944,4096,0.10656419729718491,0
1708582977,  27796181,7539992,4096,0.07284923916351421,0
1708582977,  28287844,7540472,4096,0.08894158296879123,0
1708582977,  28747302,7540496,4096,0.02996056827483639,0
1708582977,  30068781,122028128,4096,0.006778816238474073,0
1708582977,  30068781,122028136,4096,0.02396272247503007,0
1708582977,  30069854,122028144,4096,0.01702277705521413,0
1708582977,  30069854,122028152,4096,0.006871230461125364,0
1708582977,  30947977,121924256,4096,0.22948964068059374,0
1708582977,  30947977,121924264,4096,-0.0,0
1708582977,  30947977,121924272,4096,-0.0,0
1708582977,  30949051,121924280,4096,-0.0,0
1708582977,  31759543,7540600,4096,0.006787157966552504,0
1708582977,  32347821,7540728,4096,0.0330106542836871,0
1708582977,  32838411,7540896,4096,0.030176581053826108,0
1708582977,  33423468,7541120,4096,0.026844828992880914,0
1708582977,  33801340,7541560,4096,0.03782433781814052,0
1708582977,  34177065,7541576,4096,0.016831780712634012,0
1708582977,  34178139,7541584,4096,0.047708535226413176,0
1708582977,  34178139,7541592,4096,0.09035959450714387,0
1708582977,  34669802,7541624,4096,0.02911159199016451,0
1708582977,  35141068,7541640,4096,0.06275000234621406,0
1708582977,  35142142,7541648,4096,0.05380979856658877,0
1708582977,  35142142,7541656,4096,0.07911286801721656,0
1708582977,  35580130,7541672,4096,0.11120760888702999,0
1708582977,  36021338,7541688,4096,0.1297649562017433,0
1708582977,  36435709,7541704,4096,0.1275998960066352,0
1708582977,  36436783,7541712,4096,0.07073920430939995,0
1708582977,  36755612,7542032,4096,0.02943320329198719,0
1708582977,  37293436,7542168,4096,0.020965617164709637,0
1708582977,  37294509,7542176,4096,0.013201154197582608,0
1708582977,  37926801,7542328,4096,0.07546103572770466,0
1708582977,  38488241,7542384,4096,0.02614145802435453,0
1708582977,  39075446,7542408,4096,0.007083529108902638,0
1708582977,  39658356,7542624,4096,0.12537579657816889,0
1708582977,  39659430,7542632,4096,-0.0,0
1708582977,  39660503,7542640,4096,-0.0,0
1708582977,  40245561,7543024,4096,-0.0,0
1708582977,  40863897,7538144,4096,0.11677218818034349,0
1708582977,  40864970,7538152,4096,0.11085123270939028,0
1708582977,  40864970,7538160,4096,0.10440395391110843,0
1708582977,  40866044,7538168,4096,0.14024703230544006,0
1708582977,  40867117,7538176,4096,0.04527654525298105,0
1708582977,  41550937,7538216,4096,0.09361795045076798,0
1708582978, 385794189,7407216,4096,0.11097624228398623,0
1708582978, 394309191,50429696,4096,0.2717131679527594,0
1708582978, 394633388,7553080,4096,0.330695739471909,0
1708582978, 394948997,7553128,4096,0.29248745466635223,0
1708582978, 394948997,7553136,4096,0.2916814432087679,0
1708582978, 395235622,7553768,4096,0.2698609046493356,0
1708582978, 395497556,7553784,4096,0.2386939895801035,0
1708582978, 395728358,7553840,4096,0.37738880112029904,0
1708582978, 396038600,7553936,4096,0.26407663101105355,0
1708582978, 396322004,7553984,4096,0.2965532448606605,0
1708582978, 396830843,1379888,4096,0.961571157399648,0
1708582978, 396831916,1379896,3072,0.9061646957072614,0
1708582978, 397275272,3652864,4096,0.9556640789173373,0
1708582978, 397276345,3652872,4096,0.9256939621247475,0
1708582978, 397276345,3652880,1024,0.8055947492930772,0
1708582978, 397556529,1416512,4096,0.9679319306209805,0
1708582978, 397557602,1416520,4096,0.9544397480772411,0
1708582978, 397558676,1416528,4096,0.9471574467082442,0
1708582978, 397559749,1416536,3584,0.9559377473815277,0
1708582978, 397775523,1401552,4096,0.9583346528809016,0
1708582978, 397776596,1401560,2560,0.9562036376542431,0
1708582978, 398086838,1406560,4096,0.9562490046198794,0
1708582978, 398087911,1406568,1024,0.9253582530793492,0
1708582978, 398380977,1454560,4096,0.9594629869731903,0
1708582978, 398380977,1454568,1024,0.7595918512244497,0
1708582978, 398642911,1455920,4096,0.9595749027804469,0
1708582978, 398643984,1455928,512,0.8045492604063353,0
1708582978, 398960667,1420288,4096,0.9671902285982661,0
1708582978, 398960667,1420296,4096,0.9535622723831427,0
1708582978, 398961740,1420304,4096,0.9486865303886511,0
1708582978, 398962814,1420312,3584,0.9523542509980303,0
1708582978, 399260173,1427200,4096,0.9676264162731779,0
1708582978, 399261247,1427208,4096,0.9528701399134348,0
1708582978, 399262320,1427216,4096,0.9805554964114513,0
1708582978, 399262320,1427224,1024,0.6954615849823621,0
1708582978, 399539283,32935624,4096,0.9635342560168991,0
1708582978, 399540357,32935632,4096,0.9734902083046021,0
1708582978, 399540357,32935640,1024,0.7373414028828273,0
1708582979, 738392492,7415448,4096,0.3239775455334879,0
1708582979, 738392492,7415456,4096,0.48357838329430813,0
1708582979, 738392492,7415464,4096,0.43385959337037244,0
1708582979, 738392492,7415472,4096,0.3824369319773229,0
1708582979, 738393566,7415480,4096,0.37023767317369394,0
1708582979, 738393566,7415488,4096,0.19454186953785108,0
1708582979, 739222308,7407088,4096,0.036352727489319024,0
1708582979, 748028228,7407080,4096,0.020505747797058327,0
1708582979, 788459459,77747320,2560,0.9198209965980942,0
1708582979, 788779362,1715648,4096,0.9640826167641562,0
1708582979, 788779362,1715656,3584,0.9205241135258461,0
1708582979, 789760541,122028160,4096,0.7485736990114299,0
1708582979, 789760541,122028168,4096,0.7501848308659241,0
1708582979, 789761614,122028176,4096,0.7439225632458843,0
1708582979, 789761614,122028184,4096,0.7420508120679525,0
1708582979, 789761614,122028192,4096,0.7401684363238987,0
1708582979, 789761614,122028200,4096,0.7432697006549009,0
1708582979, 789762688,122028208,4096,0.7378045317845572,0
1708582979, 789762688,122028216,4096,0.7393130169228204,0
1708582979, 790087958,121924256,4096,0.2339060931026307,0
1708582979, 790087958,121924264,4096,-0.0,0
1708582979, 790087958,121924272,4096,-0.0,0
1708582979, 790087958,121924280,4096,-0.0,0
1708582979, 790425037,34173304,4096,0.9942084360024361,0
1708582979, 790425037,34173312,4096,0.9936777868801421,0
1708582979, 790425037,34173320,4096,0.9941892640969746,0
1708582979, 790425037,34173328,4096,0.9938569686417182,0
1708582979, 790426111,34173336,4096,0.9943131092130029,0
1708582979, 790426111,34173344,512,0.13872122889181587,0
1708582979, 790941391,7407216,4096,0.12134794324781373,0
1708582979, 799849294,7554000,4096,0.34691609136954404,0
1708582979, 800065067,7555456,4096,0.4231401729836901,0
1708582979, 800281914,7559736,4096,0.3184015572477554,0
1708582979, 800281914,7559744,4096,0.3993773778143533,0
1708582979, 800501982,7560048,4096,0.3988515493781166,0
1708582979, 800717755,7560128,4096,0.3540892213669556,0
1708582979, 800936749,7596728,4096,0.4128149260584107,0
1708582979, 801152523,7597032,4096,0.22663862301765894,0
1708582981, 100699641,7407088,4096,0.3640995096300837,0
1708582981, 100699641,7407096,4096,0.19063696499878688,0
1708582981, 101495104,1744800,4096,0.9462666143652946,0
1708582981, 101496178,1744808,1536,0.7944629345190913,0
1708582981, 905249245,7407224,4096,0.25456184442349394,0
1708582981, 906028606,13088872,4096,0.008080546319218226,0
1708582981, 906367832,7407096,4096,0.3346640109991866,0
1708582981, 955286153,7407224,4096,0.39075767700838193,0
1708582981, 955599615,11150072,4096,0.008080546319218226,0
1708582981, 955943135,7407096,4096,0.42305568242051894,0
1708582981, 955943135,7407104,4096,0.0717235414217232,0
1708582981, 971968343,7407232,4096,0.14311484093245244,0
1708582981, 972228130,1032216,4096,0.4962856887081651,0
1708582981, 972229204,1032224,4096,0.5204099189126318,0
1708582981, 972345142,1032240,4096,0.509080592007658,0
1708582981, 972346215,1032248,4096,0.49744406422186765,0
1708582981, 972379494,1085018,4096,0.5050986203534603,0
1708582981, 972379494,1085026,4096,0.5080093240026118,0
1708582981, 972379494,1085034,4096,0.5023534489784374,0
1708582981, 972380567,1085042,4096,0.08694246662096862,0
1708582981, 972406331,10918880,4096,0.008019511162968226,0
1708582981, 972797085,1024000,512,0.7080564970781265,0
1708582981, 972821776,7407104,4096,0.22678593836547165,0
1708582981, 973019300,1032198,1024,0.5188200069934474,0
1708582981, 973040770,1042276,1024,0.511662471017728,0
1708582981, 981860646,1050422,1024,0.5541945292891459,0
1708582981, 981861719,1083570,1024,0.5764365564715023,0
1708582981, 984529367,1032200,4096,0.04393170175460213,0
1708582981, 984866446,1032198,1024,0.5188200069934474,0
1708582981, 984893283,1042276,1024,0.511662471017728,0
1708582981, 984922268,1050422,1024,0.5541945292891459,0
1708582981, 984940517,1083570,1024,0.5764365564715023,0
1708582981, 987738058,1032200,4096,0.04393170175460213,0
1708582981, 988081578,1032208,4096,0.5078173640384169,0
1708582981, 988400408,1032232,4096,0.5210027645842074,0
1708582981, 988710649,1084930,4096,0.5046884106530856,0
1708582981, 988711723,1084938,4096,0.4997523734264795,0
1708582981, 988711723,1084946,4096,0.500615856864405,0
1708582981, 988712796,1084954,4096,0.5093590413514674,0
1708582981, 988969363,1085050,4096,0.5028418943515316,0
1708582981, 989258134,1032198,1024,0.5188200069934474,0
1708582981, 989287119,1042276,1024,0.511662471017728,0
1708582981, 989335426,1050422,1024,0.5541945292891459,0
1708582981, 989359043,1083570,1024,0.5764365564715023,0
1708582981, 998494528,1032200,4096,0.04393170175460213,0
1708582981, 998827313,1032198,1024,0.5188200069934474,0
1708582981, 998856298,1042276,1024,0.511662471017728,0
1708582981, 998884209,1050422,1024,0.5541945292891459,0
1708582981, 998896017,1083570,1024,0.5764365564715023,0
1708582982,   1471455,7407256,4096,0.35133946183898973,0
1708582982,   4051076,7407128,4096,0.43857704965653044,0
1708582982,   4051076,7407136,4096,0.11708668629759038,0
1708582982,   4267923,3366296,4096,0.007935438668395366,0
1708582982,   4369905,2321600,4096,0.008080546319218226,0
1708582982,   4398890,11670744,4096,0.007176406242375364,0
1708582982,   4514828,7407264,4096,0.20687249043302475,0
1708582982,   7304743,7407232,4096,0.2884964585363551,0
1708582982,   8602604,11152152,4096,0.008080546319218226,0
1708582982,   8697072,7407104,4096,0.33572685895169085,0
1708582982,   8902111,1482464,4096,0.47818773703612566,0
1708582982,   8903184,1482472,4096,0.5286705111840676,0
1708582982,   8903184,1482480,4096,0.4592352864456557,0
1708582982,   8903184,1482488,4096,0.5357076202714949,0
1708582982,   8904258,1482496,4096,0.5418071428166549,0
1708582982,   8905331,1482504,4096,0.5895893248373049,0
1708582982,   8905331,1482512,4096,0.5774849042297743,0
1708582982,   8906405,1482520,4096,0.6912820414669897,0
1708582982,   8907478,1482528,4096,0.6662393235339743,0
1708582982,   8907478,1482536,4096,0.5899040824728462,0
1708582982,   8908552,1482544,4096,0.5906706985688279,0
1708582982,   8909625,1482552,4096,0.6696011831421971,0
1708582982,   8909625,1482560,4096,0.7369618902927325,0
1708582982,   8910699,1482568,4096,0.6904765307139135,0
1708582982,   8910699,1482576,4096,0.6339798852228792,0
1708582982,   8911772,1482584,4096,0.6282815846341505,0
1708582982,   8911772,1482592,4096,0.8011148149760975,0
1708582982,   8912846,1482600,4096,0.6200655886853562,0
1708582982,   8912846,1482608,4096,0.614858475197338,0
1708582982,   8913919,1482616,4096,0.12881709505173822,0
1708582982,   9401288,7407232,4096,0.3792788101587688,0
1708582982,  12711000,7407136,4096,0.3515967403990496,0
1708582982,  16149421,1764792,4096,0.023064746751688372,0
1708582982,  16150494,7407264,4096,0.43764415262835404,0
1708582982,  16151568,7407272,4096,0.046558002385730865,0
1708582982,  16413502,2286424,4096,0.008368493596690547,0
1708582982,  18396145,7407104,4096,0.40746272128983385,0
1708582982,  20861974,7407232,4096,0.4392674521250735,0
1708582982,  20863048,7407240,4096,0.03059496869731364,0
1708582982,  21195833,1763640,4096,0.025649462426942216,0
1708582982,  24611821,1822360,4096,0.007115371086125364,0
1708582982,  24611821,7407144,4096,0.1420357468816668,0
1708582982,  29503649,7407112,4096,0.10740165501860499,0
1708582982,  29662527,3647160,4096,0.008080546319218226,0
1708582982,  29702247,7407240,4096,0.3560735584382839,0
1708582982,  29900844,2063040,4096,0.4466671301242424,0
1708582982,  29900844,2063048,4096,0.07535142633566805,0
1708582982,  30044693,11686328,4096,0.007115371086125364,0
1708582982,  30045767,2987128,4096,0.008019511162968226,0
1708582982,  30081192,3403896,4096,0.007586445433014788,0
1708582982,  30082266,7407112,4096,0.39992615725393865,0
1708582982,  30082266,7407120,4096,0.0628653222160536,0
1708582982,  32762907,7407272,4096,0.2737583041826876,0
1708582982,  32996930,1380304,4096,0.47493853058920915,0
1708582982,  32998003,1380312,4096,0.5487331763130341,0
1708582982,  32998003,1380320,4096,0.585469178083277,0
1708582982,  32999077,1380328,4096,0.5573884879930837,0
1708582982,  33000150,1380336,4096,0.09293096071675959,0
1708582982,  38431949,7407248,4096,0.17463339311636414,0
1708582982,  41317628,7407144,4096,0.38629839422418105,0
1708582982,  41544137,3988816,4096,0.008080546319218226,0
1708582982,  46458508,7407120,4096,0.3010293195005059,0
1708582982,  48613023,7407248,4096,0.40439822994023933,0
1708582982,  48736475,11022496,4096,0.007935438668395366,0
1708582982,  49499845,3819080,4096,0.007670517927587647,0
1708582982,  49500919,7407272,4096,0.4331170409146248,0
1708582982,  49500919,7407280,4096,0.04964973914982277,0
1708582982,  51822899,7407152,4096,0.26091923334469097,0
1708582982,  52034379,11672584,4096,0.007176406242375364,0
1708582982,  58185422,7407120,4096,0.4425238021428347,0
1708582982,  58185422,7407128,4096,0.06119362186518505,0
1708582982,  59809739,7407280,4096,0.3336327086081428,0
1708582982,  66292494,7407256,4096,0.19683651741599872,0
1708582982,  66497533,3183072,4096,0.008080546319218226,0
1708582982,  66587707,3364224,4096,0.007874403512145366,0
1708582982,  66843200,7407128,4096,0.27877207851145913,0
1708582982,  68053146,1986280,4096,0.042754343449067554,0
1708582982,  68054219,7407152,4096,0.3860007862378719,0
1708582982,  68251743,5283576,4096,0.007670517927587647,0
1708582982,  76357742,7407280,4096,0.4440521790491495,0
1708582982,  76357742,7407288,4096,0.030762409109240604,0
1708582982,  84426168,7407160,4096,0.09222062460371491,0
1708582982,  84629059,1380432,4096,0.5161814747363782,0
1708582982,  84629059,1380440,4096,0.5569087969875515,0
1708582982,  84630133,1380448,4096,0.5511439161830358,0
1708582982,  84630133,1380456,4096,0.5515934373890679,0
1708582982,  84631206,1380464,4096,0.5499353546770781,0
1708582982,  84633353,1380472,4096,0.3576176926601014,0
1708582982,  84634427,1380480,4096,-0.0,0
1708582982,  84688102,7407288,4096,0.2171705842007711,0
1708582982,  84914610,10912408,4096,0.007935438668395366,0
1708582982,  93471479,3821272,4096,0.008080546319218226,0
1708582982,  93471479,7407160,4096,0.29987822962748484,0
1708582982,  95750519,7407288,4096,0.41165444779945526,0
1708582982,  97987693,1763424,4096,0.04148558958817209,0
1708582982, 100421318,7407160,4096,0.4184962104054328,0
1708582982, 100421318,7407168,4096,0.07198725994417865,0
1708582982, 100851791,1455648,4096,0.4723992654039548,0
1708582982, 100852865,1455656,4096,0.561675046148856,0
1708582982, 100853938,1455664,4096,0.5146427240959619,0
1708582982, 100853938,1455672,4096,0.5760678653448241,0
1708582982, 100853938,1455680,4096,0.13248954814820957,0
1708582982, 100855012,1455688,4096,-0.0,0
1708582982, 109436571,7407296,4096,0.12751616743893074,0
1708582982, 109711387,17702304,4096,0.04204473877137599,0
1708582982, 485659675,7597216,4096,0.3927943407222228,0
1708582982, 486436889,7597328,4096,0.2972351411613614,0
1708582982, 486771821,7607536,4096,0.28520177142585734,0
1708582982, 486771821,7607544,4096,0.2967420595815375,0
1708582982, 486771821,7607552,4096,0.2542510321309351,0
1708582982, 487107826,7607968,4096,0.44533424989737347,0
1708582982, 487443832,7665624,4096,0.4363849661051679,0
1708582982, 487771249,7666408,4096,0.3314834937616275,0
1708582982, 488121210,7666424,4096,0.3348748267954492,0
1708582982, 803896603,7407168,4096,0.19307082666038983,0
1708582982, 804708169,11683592,4096,0.007176406242375364,0
1708582982, 804782240,7407296,4096,0.25118382812166606,0
1708582982, 805045248,14258976,4096,0.008080546319218226,0
1708582982, 805146157,7407168,4096,0.3328766503778221,0
1708582982, 813560250,7407296,4096,0.40477351337730444,0
1708582982, 821634043,7407168,4096,0.4275113558241398,0
1708582982, 821634043,7407176,4096,0.058562563136102176,0
1708582982, 821971122,11067704,4096,0.008080546319218226,0
1708582982, 822316789,7407304,4096,0.1539889182654693,0
1708582982, 871057983,7407176,4096,0.2180925196197621,0
1708582982, 871373592,2234456,4096,0.007935438668395366,0
1708582982, 871717112,7407304,4096,0.29648831690692967,0
1708582982, 887756276,7407176,4096,0.35014151410419647,0
1708582982, 888075105,11141688,4096,0.007935438668395366,0
1708582982, 888410037,7407304,4096,0.4193099791531997,0
1708582983,  48841503,7407184,4096,0.24733089752104087,0
1708582983,  49322431,11065632,4096,0.008080546319218226,0
1708582983,  49386841,7407312,4096,0.41465694271540493,0
1708582983,  49386841,7407320,4096,0.016609911639622315,0
1708582983,  49614423,11686736,4096,0.007176406242375364,0
1708582983,  49668098,1793120,4096,0.008080546319218226,0
1708582983,  49765787,7407192,4096,0.11672653403339876,0
1708582983,  49884945,3769816,4096,0.007525410276764788,0
1708582983,  61695592,7407320,4096,0.2729609704885993,0
1708582983,  69868148,7407192,4096,0.34167516375591744,0
1708582983,  72175099,7407320,4096,0.39827433810327156,0
1708582983,  72305955,7407176,4096,0.4415248446095144,0
1708582983,  72305955,7407184,4096,0.08747713071861722,0
1708582983,  72669871,2340736,4096,0.007176406242375364,0
1708582983,  73018759,7407312,4096,0.17860553713925342,0
1708582983,  74534652,2014600,4096,0.007586445433014788,0
1708582983,  74789072,7407192,4096,0.45114855603448667,0
1708582983,  74789072,7407200,4096,0.03355681156483611,0
1708582983, 870931024,2987904,4096,0.4825258616162908,0
1708582983, 870931024,2987912,4096,0.4780732187468935,0
1708582983, 870932097,2987920,1536,0.396795695166264,0
1708582983, 872249282,3183976,4096,0.500777812076755,0
1708582983, 872250355,3183984,4096,0.4960291429500178,0
1708582983, 872250355,3183992,4096,0.5291215547531227,0
1708582983, 872251429,3184000,4096,0.5140500834308861,0
1708582983, 872252502,3184008,4096,0.5088452517957048,0
1708582983, 872252502,3184016,4096,0.4997485999810234,0
1708582983, 872253576,3184024,4096,0.49946406743907756,0
1708582983, 872253576,3184032,4096,0.512370832924896,0
1708582983, 872254649,3184040,4096,0.5237861371563923,0
1708582983, 872255723,3184048,4096,0.5229995948333718,0
1708582983, 872256796,3184056,4096,0.518837672538109,0
1708582983, 872256796,3184064,4096,0.5156585489940552,0
1708582983, 872257870,3184072,4096,0.5068305744224738,0
1708582983, 872258943,3184080,4096,0.5028169236229292,0
1708582983, 872260017,3184088,4096,0.5228536867852095,0
1708582983, 872260017,3184096,4096,0.055018073185069856,0
1708582984,  61183246,128920224,4096,0.5271571354523523,0
1708582984,  61184320,128920232,4096,0.7802114026701171,0
1708582984,  61185393,128920240,4096,0.6304765063003748,0
1708582984,  61185393,128920248,4096,0.5516089216680724,0
1708582984,  61186467,128920256,4096,0.5516054141758572,0
1708582984,  61186467,128920264,4096,0.5380998201167472,0
1708582984,  61187540,128920272,4096,0.5512963577196381,0
1708582984,  61187540,128920280,4096,0.5557285038560826,0
1708582984,  61188614,128920288,4096,0.5457793349288678,0
1708582984,  61189687,128920296,4096,0.5548280816914251,0
1708582984,  61189687,128920304,4096,0.018320089252455193,0
1708582984,  61564339,7407328,4096,0.3821467882168324,0
1708582984,  61564339,7407336,4096,0.023149360289224333,0
1708582984,  72019155,7415496,4096,0.3635726451879786,0
1708582984,  72019155,7415504,4096,0.4225536957022938,0
1708582984,  72019155,7415512,4096,0.4387936844970532,0
1708582984,  72019155,7415520,4096,0.39983361131551015,0
1708582984,  72020229,7415528,4096,0.4423812408721215,0
1708582984,  72020229,7415536,4096,0.4383338705259094,0
1708582984,  72020229,7415544,4096,0.43701703748654713,0
1708582984,  72020229,7415552,4096,0.4325408125429869,0
1708582984,  72021302,7415560,4096,0.4435392810903733,0
1708582984,  72021302,7415568,4096,0.41821555901832974,0
1708582984,  72022376,7415576,4096,0.42716906073448474,0
1708582984,  72022376,7415584,4096,0.4410469041600999,0
1708582984,  72022376,7415592,4096,0.41427805353730557,0
1708582984,  72022376,7415600,4096,0.45066227799916136,0
1708582984,  72023449,7415608,4096,0.38174543190878313,0
1708582984,  72023449,7415616,4096,0.39033052559630904,0
1708582984,  72438894,116582160,4096,0.4630190326890919,0
1708582984,  72466805,116959968,4096,0.09170421872256347,0
1708582984,  72739474,7407088,4096,0.12406248840131297,0
1708582984,  81915752,7407216,4096,0.19664591859040706,0
1708582984,  82176612,11139608,4096,0.008080546319218226,0
1708582984,  82504030,7407088,4096,0.4051990210437209,0
1708582984,  98651617,7407216,4096,0.4270219856776437,0
1708582984,  98652690,7407224,4096,0.06275114953055885,0
1708582984,  98862023,1491288,4096,0.008019511162968226,0
1708582984,  98944682,7407096,4096,0.25464066575241184,0
1708582984,  99126104,2989192,4096,0.007935438668395366,0
1708582984,  99177632,7407224,4096,0.33644366053712105,0
1708582984,  99283908,3653360,4096,0.007958476006718226,0
1708582984,  99306452,10914464,4096,0.008019511162968226,0
1708582984, 107657208,7407096,4096,0.43966261059367384,0
1708582984, 107657208,7407104,4096,0.07249638968380234,0
1708582984, 115785750,7407232,4096,0.16242645540624834,0
1708582984, 117918795,7407104,4096,0.2319935960308016,0
1708582984, 118165700,12455232,4096,0.008080546319218226,0
1708582984, 118453398,7407232,4096,0.30896586322765357,0
1708582984, 132241432,7407104,4096,0.36964988140971206,0
1708582984, 132516248,3261648,4096,0.008429528752940547,0
1708582984, 132806093,7407232,4096,0.43686140448576527,0
1708582984, 752871501,1525784,4096,0.3820772810867578,0
1708582985,   4961506,7407104,4096,0.451883412832454,0
1708582985,   4961506,7407112,4096,0.4055825503924839,0
1708582985,   4962580,7407120,4096,0.17494565367008566,0
1708582985,   5959861,3649240,4096,0.007935438668395366,0
1708582985,   6024271,7407248,4096,0.24004041774086526,0
1708582985,   6254000,21462936,4096,0.007176406242375364,0
1708582985,   6410731,7407120,4096,0.3200308098633636,0
1708582985,   8994646,7407248,4096,0.3900712795180516,0
1708582985, 115104865,7407120,4096,0.43961275231058855,0
1708582985, 115104865,7407128,4096,0.016510878665445174,0
1708582985, 115823036,1776704,4096,0.007525410276764788,0
1708582985, 116168703,7407256,4096,0.11677765877216092,0
1708582985, 199767516,5284864,4096,0.4304380076334458,0
1708582985, 199767516,5284872,4096,0.22366346669910075,0
1708582985, 199768589,5284880,4096,0.19295313350145482,0
1708582985, 199769663,5284888,4096,0.16495971574010945,0
1708582985, 200147535,10912672,4096,0.5132443823905434,0
1708582985, 200147535,10912680,4096,0.534301465374714,0
1708582985, 200148608,10912688,4096,0.5297973865646401,0
1708582985, 200148608,10912696,4096,0.5334188303328563,0
1708582985, 200149682,10912704,4096,0.5341884384758244,0
1708582985, 200150755,10912712,4096,0.5316353726279374,0
1708582985, 200151829,10912720,4096,0.5309324221327258,0
1708582985, 200152902,10912728,4096,0.53132928955099,0
1708582985, 200152902,10912736,4096,0.5331367160772073,0
1708582985, 200153976,10912744,4096,0.531904954943421,0
1708582985, 200155049,10912752,4096,0.5366715602229267,0
1708582985, 200156123,10912760,4096,0.5341746324730892,0
1708582985, 200156123,10912768,4096,0.5333124161553624,0
1708582985, 200157196,10912776,4096,0.5324848896531053,0
1708582985, 200158270,10912784,4096,0.5273582069740406,0
1708582985, 200159343,10912792,4096,0.5180783089763705,0
1708582985, 200967689,7666856,4096,0.3728862973008123,0
1708582985, 201193124,7667080,4096,0.37426735764858177,0
1708582985, 201409971,7668768,4096,0.3591741071617894,0
1708582985, 201628965,7671752,4096,0.3316348501845002,0
1708582985, 201844738,7672328,4096,0.45527991717966576,0
1708582985, 202063732,7672672,4096,0.351990610952359,0
1708582985, 202279506,7672760,4096,0.45770130900481715,0
1708582985, 202498500,7673224,4096,0.2813648955172092,0
1708582985, 202715347,7673272,4096,0.2979141173164209,0
1708582985, 202934341,7673744,4096,0.27021027352038907,0
1708582985, 203321874,13093616,4096,0.5248703001845929,0
1708582985, 203321874,13093624,4096,0.5342675880473121,0
1708582985, 203322948,13093632,4096,0.5320755011045926,0
1708582985, 203324021,13093640,4096,0.5552494462320642,0
1708582985, 203325095,13093648,4096,0.5461223383962144,0
1708582985, 203325095,13093656,4096,0.5371125465518755,0
1708582985, 203326168,13093664,4096,0.5273300148032481,0
1708582985, 203327242,13093672,4096,0.45839072852425455,0
1708582985, 203328315,13093680,4096,0.4814973434443344,0
1708582985, 203329389,13093688,4096,0.5302071038033108,0
1708582985, 203330462,13093696,4096,0.5198794127161395,0
1708582985, 203825346,11150976,4096,0.5171220801617528,0
1708582985, 203826419,11150984,4096,0.5517463910568607,0
1708582985, 203827493,11150992,4096,0.5367082084417233,0
1708582985, 203827493,11151000,4096,0.5380426116292166,0
1708582985, 203828566,11151008,4096,0.5373082314935046,0
1708582985, 203828566,11151016,4096,0.5353274815206983,0
1708582985, 203829640,11151024,4096,0.5494018350889176,0
1708582985, 203830713,11151032,4096,0.5456065293816068,0
1708582985, 203830713,11151040,4096,0.5338119922702871,0
1708582985, 203831787,11151048,4096,0.5410959361884145,0
1708582985, 203831787,11151056,4096,0.5443728542146801,0
1708582985, 203832860,11151064,4096,0.5439249385821437,0
1708582985, 203833934,11151072,4096,0.5594528205851909,0
1708582985, 203833934,11151080,4096,0.5314376464201125,0
1708582985, 203835007,11151088,4096,0.5369347211878748,0
1708582986, 349943438,7407128,4096,0.37720826319491596,0
1708582986, 350737828,3980632,4096,0.007935438668395366,0
1708582986, 350814047,7407256,4096,0.427270838398687,0
1708582986, 350814047,7407264,4096,0.016510878665445178,0
1708582986, 351022306,11145944,4096,0.008080546319218226,0
1708582986, 351098524,7407136,4096,0.1166420498827167,0
1708582986, 356110696,7407264,4096,0.19829915862118505,0
1708582986, 584483865,10919528,4096,0.5110172030750244,0
1708582986, 584483865,10919536,4096,0.5305315126594543,0
1708582986, 584484939,10919544,4096,0.5221611322718677,0
1708582986, 584486012,10919552,4096,0.5251182109635835,0
1708582986, 584487086,10919560,4096,0.5181574298150986,0
1708582986, 584488159,10919568,4096,0.5217946589141323,0
1708582986, 584488159,10919576,4096,0.5202786146976244,0
1708582986, 584489233,10919584,4096,0.5215417287281762,0
1708582986, 584494600,10919592,4096,0.5115432828370495,0
1708582986, 585406002,11152800,4096,0.49273276457577825,0
1708582986, 585407075,11152808,4096,0.5186696368962957,0
1708582986, 585407075,11152816,4096,0.49163729509027265,0
1708582986, 585408149,11152824,4096,0.4939468527657457,0
1708582986, 585409222,11152832,4096,0.4979490985868393,0
1708582986, 585409222,11152840,4096,0.49645841623270376,0
1708582986, 585410296,11152848,4096,0.4937410043534623,0
1708582986, 585411369,11152856,4096,0.49123679525204206,0
1708582986, 586042587,3647680,4096,0.4930222981663881,0
1708582986, 586042587,3647688,4096,0.49294774423406945,0
1708582986, 586043661,3647696,4096,0.4951196682811571,0
1708582986, 586044734,3647704,4096,0.4907708023983599,0
1708582986, 586044734,3647712,4096,0.495465191895913,0
1708582986, 586045808,3647720,4096,0.4930133891028365,0
1708582986, 586045808,3647728,4096,0.4952797803445161,0
1708582986, 586046881,3647736,4096,0.49195500950801596,0
1708582986, 586047955,3647744,4096,0.49601848063336396,0
1708582986, 586049028,3647752,4096,0.4959582095230309,0
1708582986, 586049028,3647760,4096,0.48693903012421147,0
1708582986, 586050102,3647768,4096,0.496041171651525,0
1708582986, 587118234,2234720,4096,0.5487165495221838,0
1708582986, 587119308,2234728,4096,0.6099125615929301,0
1708582986, 587119308,2234736,4096,0.6113906188669869,0
1708582986, 587120381,2234744,4096,0.6061301730200795,0
1708582986, 587121455,2234752,4096,0.6037967365094393,0
1708582986, 587121455,2234760,4096,0.6023041147347749,0
1708582986, 587122528,2234768,4096,0.6099877109552523,0
1708582986, 587123602,2234776,4096,0.6088917274907237,0
1708582986, 587123602,2234784,4096,0.6037961134549288,0
1708582986, 587124675,2234792,4096,0.5919153125056661,0
1708582986, 587124675,2234800,4096,0.6060775924854575,0
1708582986, 587125749,2234808,4096,0.6179609232223358,0
1708582986, 587126822,2234816,4096,0.6082585113835736,0
1708582986, 587126822,2234824,4096,0.602839838115869,0
1708582986, 587127896,2234832,4096,0.605126720662185,0
1708582986, 587128969,2234840,4096,0.2501463264262906,0
1708582987, 417256969,7407136,4096,0.29350892264874295,0
1708582987, 418053506,1375088,4096,0.007176406242375364,0
1708582987, 418397026,7407264,4096,0.3650848209233603,0
1708582987, 970611867,116581888,4096,0.4582782603705971,0
1708582987, 970612941,116581896,4096,0.4311645518070095,0
1708582987, 970612941,116581904,4096,0.45758706830648005,0
1708582987, 970612941,116581912,4096,0.4512997987613652,0
1708582987, 970614014,116581920,4096,0.435925323988008,0
1708582987, 970615088,116581928,4096,0.45785055024406734,0
1708582987, 970616161,116581936,4096,0.4592169340982948,0
1708582987, 970616161,116581944,4096,0.4620497364535289,0
1708582987, 970617235,116581952,4096,0.45796199487537576,0
1708582987, 970618308,116581960,4096,0.45964342719625295,0
1708582987, 970618308,116581968,4096,0.45818981369611717,0
1708582987, 970618308,116581976,4096,0.45508148863490083,0
1708582987, 970619382,116581984,4096,0.45915143824406107,0
1708582987, 970620455,116581992,4096,0.4458451584548112,0
1708582987, 970620455,116582000,4096,0.4159776658751091,0
1708582987, 970621529,116582008,4096,0.41548073010788394,0
1708582987, 970622602,116582016,4096,0.43268127751302193,0
1708582987, 970623676,116582024,4096,0.42344027373315946,0
1708582987, 970624749,116582032,4096,0.41743193597197614,0
1708582987, 970624749,116582040,4096,0.414928458251972,0
1708582987, 970625823,116582048,4096,0.4069479658851963,0
1708582987, 970625823,116582056,4096,0.41092908648527665,0
1708582987, 970626896,116582064,4096,0.4096531057684573,0
1708582987, 970627970,116582072,4096,0.40626093674917296,0
1708582987, 970629043,116582080,4096,0.416184833769755,0
1708582987, 970629043,116582088,4096,0.45454635896507417,0
1708582987, 970630117,116582096,4096,0.415080428283778,0
1708582987, 970631190,116582104,4096,0.4267813136180472,0
1708582987, 970632264,116582112,4096,0.4220876985394575,0
1708582987, 970633337,116582120,4096,0.4449545282204223,0
1708582987, 970633337,116582128,4096,0.43048861514102427,0
1708582987, 970634411,116582136,4096,0.4085962544970148,0
1708582987, 970677351,116582144,4096,0.4290290485483153,0
1708582987, 970678424,116582152,3584,0.4025623105181278,0
1708582988, 717715377,7407136,4096,0.4226950590078207,0
1708582988, 718510841,3637728,4096,0.5863139646994048,0
1708582988, 718511914,3637736,4096,0.6001449536776294,0
1708582988, 718511914,3637744,4096,0.6465059749670677,0
1708582988, 718512988,3637752,4096,0.5929180107688684,0
1708582988, 718512988,3637760,4096,0.24293308342068176,0
1708582988, 718512988,3637768,4096,0.09670006647655881,0
1708582988, 718514061,3637776,4096,0.07447204193459088,0
1708582988, 718515135,3637784,4096,0.010418419428857722,0
1708582988, 718515135,3637792,4096,-0.0,0
1708582988, 727387612,7407264,4096,0.4276809163388633,0
1708582988, 727387612,7407272,4096,0.07247955046972783,0
1708582988, 727734353,15085928,4096,0.04351983978464694,0
1708582988, 736291221,7407144,4096,0.12973229284120746,0
1708582988, 736624006,1976456,4096,0.5269956168678983,0
1708582988, 736624006,1976464,4096,0.5498919257900807,0
1708582988, 736625080,1976472,4096,0.8727436738546195,0
1708582988, 736625080,1976480,4096,0.7752665755834418,0
1708582988, 736626153,1976488,4096,0.44423545818240173,0
1708582988, 736626153,1976496,4096,0.09366063505973603,0
1708582988, 745409530,7407272,4096,0.17967779686458357,0
1708582988, 745721919,17099552,4096,0.0432513848443964,0
1708582988, 748363802,7407144,4096,0.22837355556445327,0
1708582988, 748699808,1526128,4096,0.5544178087065098,0
1708582988, 748700881,1526136,4096,0.11902531088322896,0
1708582988, 757221251,7407272,4096,0.2737202127306888,0
1708582988, 757531492,1309280,4096,0.042510202824067554,0
1708582988, 765944512,7407144,4096,0.31838775873000386,0
1708582988, 766261194,2256592,4096,0.529678270532022,0
1708582988, 766261194,2256600,4096,0.5784545536467977,0
1708582988, 766262268,2256608,4096,0.6208287674575452,0
1708582988, 766262268,2256616,4096,0.5771867177761235,0
1708582988, 766263341,2256624,4096,0.6088071787218619,0
1708582988, 766263341,2256632,4096,-0.0,0
1708582988, 775076776,7407272,4096,0.35937719823458714,0
1708582988, 775405267,1403168,4096,0.04253324016239041,0
1708582989, 281422147,11686336,4096,0.5011173083710634,0
1708582989, 281422147,11686344,4096,0.5031072414856812,0
1708582989, 281423221,11686352,4096,0.5081258972827531,0
1708582989, 281424294,11686360,4096,0.502828239375835,0
1708582989, 281424294,11686368,4096,0.49844136891282126,0
1708582989, 281425368,11686376,4096,0.5079335193005512,0
1708582989, 281425368,11686384,4096,0.5048721964263694,0
1708582989, 281426441,11686392,4096,0.5106103653457835,0
1708582989, 281427515,11686400,4096,0.5104726660552399,0
1708582989, 281428588,11686408,4096,0.40115983787149556,0
1708582989, 282417282,3404032,4096,0.5148770876252549,0
1708582989, 282418355,3404040,4096,0.5273344942549962,0
1708582989, 282418355,3404048,4096,0.5189841485280159,0
1708582989, 282419429,3404056,4096,0.516999157788656,0
1708582989, 282419429,3404064,4096,0.5056606631647168,0
1708582989, 282420502,3404072,4096,0.5255955359130456,0
1708582989, 282421576,3404080,4096,0.06573449564944933,0
1708582989, 282921827,11023016,4096,0.5092063925355108,0
1708582989, 282922900,11023024,4096,0.5251427299665264,0
1708582989, 282922900,11023032,4096,0.5287270086802358,0
1708582989, 282923974,11023040,4096,0.5105114124383109,0
1708582989, 282923974,11023048,4096,0.43870319796485635,0
1708582989, 282925047,11023056,4096,0.41278511060816814,0
1708582989, 282925047,11023064,4096,0.40865982438824516,0
1708582989, 282926121,11023072,4096,0.40927845485166753,0
1708582989, 282927194,11023080,4096,0.4526886052083165,0
1708582989, 282928268,11023088,4096,0.5015544505060708,0
1708582989, 282928268,11023096,4096,0.12000307803105063,0
1708582989, 283451062,3364616,4096,0.5185974406962701,0
1708582989, 283451062,3364624,4096,0.5184457033794845,0
1708582989, 283452136,3364632,4096,0.533729023522154,0
1708582989, 283453209,3364640,4096,0.5026492730794863,0
1708582989, 283454283,3364648,4096,0.532561584079702,0
1708582989, 283454283,3364656,4096,0.4873418413986753,0
1708582989, 283455356,3364664,4096,0.4870986586772431,0
1708582989, 283456430,3364672,4096,0.489931112894304,0
1708582989, 283456430,3364680,4096,0.5113149818275379,0
1708582989, 283845037,3366688,4096,0.49517769734069284,0
1708582989, 283845037,3366696,4096,0.21242437383246107,0
1708582989, 284166013,11670752,4096,0.4896766503462039,0
1708582989, 284166013,11670760,4096,0.4645076389823053,0
1708582989, 284167087,11670768,4096,0.468968180910356,0
1708582989, 284167087,11670776,4096,0.4644928726068628,0
1708582989, 284168160,11670784,4096,0.4705755836072363,0
1708582989, 284168160,11670792,4096,0.4170602488919792,0
1708582989, 284519195,2322248,4096,0.5098420008123503,0
1708582989, 284520268,2322256,4096,0.5073966184992278,0
1708582989, 284520268,2322264,4096,0.49784680240342477,0
1708582989, 284521342,2322272,4096,0.49796646813204815,0
1708582989, 284521342,2322280,4096,0.5004863906445528,0
1708582989, 284844465,2286688,4096,0.51018758462741,0
1708582989, 284845539,2286696,4096,0.524334716394421,0
1708582989, 284845539,2286704,4096,0.5381726360600488,0
1708582989, 284846612,2286712,4096,0.5444383968420246,0
1708582989, 284846612,2286720,4096,0.5274607904014865,0
1708582989, 284846612,2286728,4096,0.5287959301209942,0
1708582989, 284847686,2286736,4096,0.5517113191584472,0
1708582989, 285185838,21713568,4096,0.48102648632710143,0
1708582989, 285185838,21713576,4096,0.5203206471914599,0
1708582989, 285186912,21713584,512,0.10784186663359735,0
1708582989, 751870640,7415624,4096,0.42637941400897317,0
1708582989, 751870640,7415632,4096,0.4392764216859359,0
1708582989, 751870640,7415640,4096,0.4513066601297197,0
1708582989, 751871714,7415648,4096,0.4055976763052771,0
1708582989, 751871714,7415656,4096,0.43955128771178703,0
1708582989, 751871714,7415664,4096,0.4272021529147214,0
1708582989, 751871714,7415672,4096,0.4275936191020503,0
1708582989, 751872787,7415680,4096,0.3667922937457097,0
1708582989, 751872787,7415688,4096,0.39816642497707566,0
1708582989, 751872787,7415696,4096,0.47775645014417195,0
1708582989, 751873861,7415704,4096,0.4585700179481342,0
1708582989, 751873861,7415712,4096,0.4069191816242155,0
1708582989, 751873861,7415720,4096,0.37344502075588876,0
1708582989, 751874934,7415728,4096,0.3549325483046424,0
1708582989, 752717632,7407088,4096,0.03184965311957316,0
1708582989, 761889616,7407072,4096,0.020505747797058327,0
1708582989, 762327604,0,512,0.010192426542905211,0
1708582990, 686172154,29499864,4096,0.532429811711163,0
1708582990, 686173227,29499872,2048,0.5768712049297839,0
1708582990, 687008410,2094832,4096,0.9522183255380982,0
1708582990, 687009484,2094840,1536,0.970148007673467,0
1708582992,    299549,7712296,4096,0.33249580862595607,0
1708582992,    601202,7713664,4096,0.3621057905997309,0
1708582992,    907150,7713752,4096,0.3920543037493911,0
1708582992,   1198068,7713840,4096,0.36337656936116286,0
1708582992,   1499722,7714184,4096,0.28513442403160444,0
1708582992,   1499722,7714192,4096,0.2711868491612529,0
1708582992,   1824992,7714240,4096,0.3577472663291338,0
1708582992,   2142748,7714256,4096,0.27486779265619493,0
1708582992,   2143822,7714264,4096,0.33474672601403044,0
1708582992,   2143822,7714272,4096,0.29158101529253405,0
1708582992,   2143822,7714280,4096,0.27908798571935534,0
1708582992,   2143822,7714288,4096,0.27661880289167423,0
1708582992,   2144895,7714296,4096,0.2792036278055334,0
1708582992,   2144895,7714304,4096,0.3162884069019291,0
1708582992,   2586104,1822368,4096,0.4903819423966939,0
1708582992,   2587177,1822376,4096,0.4956259870462968,0
1708582992,   2588251,1822384,4096,0.4960594365474438,0
1708582992,   2588251,1822392,4096,0.504963695108783,0
1708582992,   2589324,1822400,4096,0.5051559700691219,0
1708582992,   2590398,1822408,4096,0.4979591549661124,0
1708582992,   2591471,1822416,4096,0.49914593535989193,0
1708582992,   2592545,1822424,4096,0.5113817783426069,0
1708582992,   2593618,1822432,4096,0.5215642126445724,0
1708582992,   2593618,1822440,4096,0.5081824215240052,0
1708582992,   2594692,1822448,4096,0.5054856385072372,0
1708582992,   2595765,1822456,4096,0.5138007189413514,0
1708582992,   2596839,1822464,4096,0.495396070534189,0
1708582992,   2596839,1822472,4096,0.3142292367217262,0
1708582992,   3048782,3990232,4096,0.5176987253948276,0
1708582992,   3054150,3990240,4096,0.535251234003991,0
1708582992,   3055223,3990248,4096,0.5332121063215118,0
1708582992,   3056297,3990256,4096,0.5228504061909172,0
1708582992,   3056297,3990264,4096,0.5271763475659387,0
1708582992,   3057370,3990272,4096,0.5275900278609014,0
1708582992,   3058444,3990280,4096,0.5325820910213763,0
1708582992,   3518975,3819984,4096,0.49803226703029446,0
1708582992,   3518975,3819992,4096,0.5152307675780385,0
1708582992,   3520049,3820000,4096,0.3793329811138124,0
1708582992,   3520049,3820008,4096,0.3769856660893502,0
1708582992,   3521122,3820016,4096,0.3738637598048473,0
1708582992,   3522196,3820024,4096,0.3791037463074737,0
1708582992,   3522196,3820032,4096,0.38725511775194643,0
1708582992,   3523269,3820040,4096,0.41685928528933436,0
1708582992,   3523269,3820048,4096,0.4289271840826535,0
1708582992,   3524343,3820056,4096,0.3620026224255356,0
1708582992,   3968772,11672592,4096,0.5123379324206399,0
1708582992,   3969845,11672600,4096,0.5171882436027666,0
1708582992,   3969845,11672608,4096,0.5220407550134653,0
1708582992,   3970919,11672616,4096,0.5191956545564639,0
1708582992,   3971992,11672624,4096,0.5193659129723389,0
1708582992,   3973066,11672632,4096,0.5191606431437402,0
1708582992,   3973066,11672640,4096,0.5598474147074199,0
1708582992,   3974139,11672648,4096,0.5648974621903261,0
1708582992,   3975213,11672656,4096,0.4197893114657399,0
1708582992,   4372408,3821920,4096,0.5350324553311353,0
1708582992,   4373481,3821928,4096,0.5680566866592264,0
1708582992,   4374555,3821936,4096,0.5753312771194824,0
1708582992,   4375628,3821944,4096,0.5618915779162915,0
1708582992,   4375628,3821952,4096,0.5577703010301372,0
1708582992,   4376702,3821960,4096,0.5595116945458227,0
1708582992,   4377775,3821968,4096,0.564861168525631,0
1708582992,  70635157,7407216,4096,0.07067618508809125,0
1708582992,  73728984,7673784,4096,0.3167446941336573,0
1708582993, 382514643,11683600,4096,0.48583552326092694,0
1708582993, 382514643,11683608,4096,0.46881549798759675,0
1708582993, 382515717,11683616,4096,0.472166192635321,0
1708582993, 382516790,11683624,4096,0.46957114383958504,0
1708582993, 382516790,11683632,4096,0.4717914192129109,0
1708582993, 382517864,11683640,4096,0.47044769370677897,0
1708582993, 382518937,11683648,4096,0.3756178355801895,0
1708582993, 383511925,14262184,4096,0.524672815775603,0
1708582993, 383517292,14262192,4096,0.5658755339948861,0
1708582993, 383521586,14262200,4096,0.5707221063507482,0
1708582993, 383522660,14262208,4096,0.5329247341835239,0
1708582993, 383522660,14262216,4096,0.5302804278497291,0
1708582993, 383523733,14262224,4096,0.5548117032974608,0
1708582993, 383523733,14262232,4096,0.540104892580935,0
1708582993, 383524807,14262240,4096,0.5538865901800899,0
1708582993, 383525880,14262248,4096,0.5060350604723843,0
1708582993, 383526954,14262256,4096,0.5564318053314287,0
1708582993, 383526954,14262264,4096,0.541049801714404,0
1708582993, 383528027,14262272,4096,0.5661380940925046,0
1708582993, 383529101,14262280,4096,0.534729715331001,0
1708582993, 384108791,11069248,4096,0.5121633016853168,0
1708582993, 384109864,11069256,4096,0.529469129591955,0
1708582993, 384109864,11069264,4096,0.5380026081120219,0
1708582993, 384110938,11069272,4096,0.5036695367906919,0
1708582993, 384110938,11069280,4096,0.5323852013686368,0
1708582993, 384112011,11069288,4096,0.510391892316135,0
1708582993, 384112011,11069296,4096,0.5091736545668284,0
1708582993, 384113085,11069304,4096,0.5264148468302747,0
1708582993, 384114158,11069312,4096,0.5220545375151688,0
1708582993, 384114158,11069320,4096,0.5320025806360208,0
1708582993, 384639100,11141952,4096,0.5047852207363152,0
1708582993, 384640173,11141960,4096,0.5396546282568923,0
1708582993, 384640173,11141968,4096,0.5122093634065175,0
1708582993, 384641247,11141976,4096,0.5246308701141276,0
1708582993, 384642320,11141984,4096,0.5313156572899435,0
1708582993, 384643394,11141992,4096,0.5255564951564268,0
1708582993, 384643394,11142000,4096,0.5240368937718407,0
1708582993, 384644467,11142008,4096,0.5160197791268772,0
1708582993, 384645541,11142016,4096,0.1018820606246984,0
1708582994, 757059580,10894936,4096,0.41407133539069213,0
1708582994, 757974202,0,512,0.010192426542905211,0
1708582994, 773807254,2340744,4096,0.4139016463548094,0
1708582994, 773808327,2340752,4096,0.3947573758676503,0
1708582994, 773808327,2340760,4096,0.39840914172681524,0
1708582994, 773809401,2340768,4096,0.39336408604643913,0
1708582994, 773810474,2340776,4096,0.3995342595818555,0
1708582994, 773810474,2340784,4096,0.3941792899975877,0
1708582994, 773811548,2340792,4096,0.40127984051360444,0
1708582994, 773812621,2340800,4096,0.39265494180700256,0
1708582994, 773812621,2340808,4096,0.3981882792411122,0
1708582994, 773813695,2340816,4096,0.3974632091590396,0
1708582994, 773814768,2340824,4096,0.17672129682726676,0
1708582994, 774526499,11066664,4096,0.5119870600073428,0
1708582994, 774527572,11066672,4096,0.544555910455184,0
1708582994, 774528646,11066680,4096,0.5463963606736141,0
1708582994, 774529719,11066688,4096,0.5239519833689378,0
1708582994, 774529719,11066696,4096,0.5316001882794099,0
1708582994, 774529719,11066704,4096,0.5254394512928725,0
1708582994, 774530793,11066712,4096,0.5282751216940781,0
1708582994, 774531866,11066720,4096,0.5289175793622152,0
1708582994, 774532940,11066728,4096,0.5170274651394735,0
1708582994, 774532940,11066736,4096,0.5185400137229741,0
1708582994, 774534013,11066744,4096,0.5198837287954782,0
1708582994, 774535087,11066752,4096,0.5188245641443651,0
1708582994, 775093307,1794664,4096,0.5143203303685532,0
1708582994, 775094380,1794672,4096,0.5169874144511947,0
1708582994, 775094380,1794680,4096,0.531644604625277,0
1708582994, 775095454,1794688,4096,0.49422498625189193,0
1708582994, 775096527,1794696,4096,0.503754729138379,0
1708582994, 776129234,122028224,4096,-0.0,0
1708582994, 776129234,122028232,4096,-0.0,0
1708582994, 776129234,122028240,4096,-0.0,0
1708582994, 776130308,122028248,4096,0.3401988741654317,0
1708582994, 776433035,121924256,4096,0.2366458294191525,0
1708582994, 776434108,121924264,4096,-0.0,0
1708582994, 776434108,121924272,4096,-0.0,0
1708582994, 776434108,121924280,4096,-0.0,0
1708582994, 776725027,11686744,4096,0.5235047349672667,0
1708582994, 776725027,11686752,4096,0.5435026535328012,0
1708582994, 776726100,11686760,4096,0.5340648182022558,0
1708582994, 776726100,11686768,4096,0.5473051884365345,0
1708582994, 776726100,11686776,4096,0.5448078715319562,0
1708582994, 776726100,11686784,4096,0.5311971705312296,0
1708582994, 776727174,11686792,4096,0.530111490048344,0
1708582994, 776727174,11686800,4096,0.5392586831247417,0
1708582994, 776727174,11686808,4096,0.5356977471339708,0
1708582994, 776727174,11686816,4096,0.5351762040519039,0
1708582994, 776728247,11686824,4096,0.5408805561847748,0
1708582994, 776728247,11686832,4096,0.5384270219529733,0
1708582994, 776728247,11686840,4096,0.5288049716802219,0
1708582994, 776729321,11686848,4096,0.08598773770093576,0
1708582994, 777415287,3769952,4096,0.49462364699426553,0
1708582994, 777416361,3769960,4096,0.49037868726531963,0
1708582994, 777416361,3769968,4096,0.48570024262231637,0
1708582994, 777417434,3769976,4096,0.4856778365009074,0
1708582994, 777418508,3769984,4096,0.4870749233328543,0
1708582994, 777418508,3769992,4096,0.49026064804710096,0
1708582994, 777419581,3770000,4096,0.4919081979139076,0
1708582994, 777420655,3770008,4096,0.48830454181590677,0
1708582994, 777421728,3770016,4096,0.4830363397791622,0
1708582994, 777422802,3770024,4096,0.1947267101615485,0
1708582994, 777915538,2014736,4096,0.5110156812041927,0
1708582994, 777916612,2014744,4096,0.5294875121716756,0
1708582994, 777916612,2014752,4096,0.5226059838581215,0
1708582994, 777917685,2014760,4096,0.5394675692977187,0
1708582994, 777917685,2014768,4096,0.5225854853980009,0
1708582994, 777918759,2014776,4096,0.5229262623000657,0
1708582994, 777919832,2014784,4096,0.5247088196411679,0
1708582994, 777919832,2014792,4096,0.540503832778785,0
1708582994, 777920906,2014800,4096,0.5233594535991889,0
1708582996,  85605154,11140128,4096,0.48592975526348275,0
1708582996,  85605154,11140136,4096,0.5137920427629199,0
1708582996,  85606227,11140144,4096,0.4874523882008173,0
1708582996,  85607301,11140152,4096,0.5108363278301005,0
1708582996,  85607301,11140160,4096,0.4947329719533513,0
1708582996,  85608374,11140168,4096,0.48873297878842387,0
1708582996,  85609448,11140176,4096,0.4890537319804638,0
1708582996,  85610521,11140184,4096,0.4882087048458087,0
1708582996,  85611595,11140192,4096,0.48918532965384387,0
1708582996,  85611595,11140200,4096,0.4832933081879349,0
1708582996,  85612668,11140208,4096,0.38186844449547885,0
1708582996,  86677580,1492448,4096,0.5249952093640067,0
1708582996,  86678654,1492456,4096,0.5458966676044219,0
1708582996,  86679727,1492464,4096,0.5449200518686661,0
1708582996,  86679727,1492472,4096,0.5446271154478224,0
1708582996,  86680801,1492480,4096,0.5372362556545085,0
1708582996,  86681874,1492488,4096,0.5403441161734296,0
1708582996,  86681874,1492496,4096,0.550840674643147,0
1708582996,  86682948,1492504,4096,0.5472864711446589,0
1708582996,  86684021,1492512,4096,0.5343399524644021,0
1708582996,  86685095,1492520,4096,0.5385122001952087,0
1708582996,  86686168,1492528,4096,0.5453603899637536,0
1708582996,  86686168,1492536,4096,0.5441700535415261,0
1708582996,  86687242,1492544,4096,0.5357376855096039,0
1708582996,  86687242,1492552,4096,0.5473274390325233,0
1708582996,  87743566,122028256,4096,0.7404357435584281,0
1708582996,  87743566,122028264,4096,0.740061037433119,0
1708582996,  87743566,122028272,4096,0.755440419704484,0
1708582996,  87743566,122028280,4096,0.7545514843694374,0
1708582996,  88073130,121924256,4096,0.23889841453745567,0
1708582996,  88073130,121924264,4096,-0.0,0
1708582996,  88073130,121924272,4096,-0.0,0
1708582996,  88074204,121924280,4096,-0.0,0
1708582996,  88393033,34173344,4096,0.9941178893331241,0
1708582996,  88393033,34173352,4096,0.9942301839469098,0
1708582996,  88393033,34173360,4096,0.9943577759160397,0
1708582996,  88394107,34173368,4096,0.9940411385909159,0
1708582996,  88394107,34173376,4096,0.9947259466112172,0
1708582996,  88394107,34173384,4096,0.9944466454316205,0
1708582996,  88395180,34173392,4096,0.9945189706364451,0
1708582996,  88395180,34173400,512,0.5066830466493071,0
1708582996,  88916901,34268544,4096,0.9634253253289374,0
1708582996,  88916901,34268552,4096,0.9680712547533729,0
1708582996,  88917975,34268560,4096,0.9557574555526387,0
1708582996,  89358110,10914984,4096,0.5130841085248934,0
1708582996,  89359183,10914992,4096,0.5332616642324923,0
1708582996,  89359183,10915000,4096,0.5375671769108447,0
1708582996,  89360257,10915008,4096,0.5288444002106121,0
1708582996,  89361330,10915016,4096,0.5302378635979801,0
1708582996,  89773554,2989584,4096,0.5033961919326041,0
1708582996,  89774628,2989592,4096,0.5471015204760051,0
1708582996,  89775701,2989600,4096,0.5577663233794623,0
1708582996,  89775701,2989608,4096,0.5587314528210628,0
1708582996,  89776775,2989616,4096,0.5607662995975544,0
1708582996,  89777848,2989624,4096,0.5562511385336697,0
1708582996,  89777848,2989632,4096,0.5529118319948712,0
1708582996,  89778922,2989640,4096,0.5417281260200745,0
1708582996,  89779995,2989648,4096,0.5524307212688464,0
1708582996,  89781069,2989656,4096,0.5562006292133027,0
1708582996,  90249115,3653752,4096,0.5097559676031104,0
1708582996,  90249115,3653760,4096,0.5164164136861401,0
1708582996,  90250188,3653768,4096,0.513826151396011,0
1708582996,  90251262,3653776,4096,0.5128572701093055,0
1708582996,  90252335,3653784,4096,0.5059592320339409,0
1708582996,  90253409,3653792,4096,0.5197293340446327,0
1708582996,  90254482,3653800,4096,0.518653109854675,0
1708582996,  90254482,3653808,4096,0.518638664212415,0
1708582996,  90255556,3653816,4096,0.5159192014849026,0
1708582996,  90256629,3653824,4096,0.5207454769596735,0
1708582996,  90257703,3653832,4096,0.5093411520971991,0
1708582996,  90258776,3653840,4096,0.5180883915749946,0
1708582996,  90258776,3653848,4096,0.4171108319642358,0
1708582997, 471194259,12458184,4096,0.5184698155499856,0
1708582997, 471194259,12458192,4096,0.5458992995389783,0
1708582997, 471195332,12458200,4096,0.5409687601133489,0
1708582997, 471196406,12458208,4096,0.5237278142526419,0
1708582997, 471196406,12458216,4096,0.5490128170070011,0
1708582997, 471197479,12458224,4096,0.5372158033544596,0
1708582997, 471198553,12458232,4096,0.5333070673674848,0
1708582997, 471199626,12458240,4096,0.5436825128003684,0
1708582997, 471200700,12458248,4096,0.5404467233920308,0
1708582997, 471200700,12458256,4096,0.5485445681740259,0
1708582997, 471201773,12458264,4096,0.5421472448674511,0
1708582997, 471202847,12458272,4096,0.5406687488208288,0
1708582997, 471203920,12458280,4096,0.5332094223529644,0
1708582997, 471203920,12458288,4096,0.542806794500542,0
1708582997, 472241995,3262680,4096,0.5088744157368013,0
1708582997, 472241995,3262688,4096,0.510577263714266,0
1708582997, 472243068,3262696,4096,0.5412055409129802,0
1708582997, 472245215,3262704,4096,0.5217870626269405,0
1708582997, 472246289,3262712,4096,0.5301077133654705,0
1708582997, 472246289,3262720,4096,0.5085010691995291,0
1708582997, 472247362,3262728,4096,0.5438043929465072,0
1708582997, 472248436,3262736,4096,0.5206487880943951,0
1708582997, 472249509,3262744,4096,0.5144901616689997,0
1708582997, 472250583,3262752,4096,0.5068907542660873,0
1708582997, 472251656,3262760,4096,0.5365373617993605,0
1708582997, 472252730,3262768,4096,0.5286070288140355,0
1708582997, 472252730,3262776,4096,0.5190364887857817,0
1708582997, 472253803,3262784,4096,0.5211303557395983,0
1708582997, 472254877,3262792,4096,0.5224628836375385,0
1708582997, 472852816,1785192,4096,0.5406589842432299,0
1708582997, 473353067,3649504,4096,0.5200382284884976,0
1708582997, 473354141,3649512,4096,0.5460112396955187,0
1708582997, 473354141,3649520,4096,0.5442156400336108,0
1708582997, 473355214,3649528,4096,0.5316814739217146,0
1708582997, 473356288,3649536,4096,0.5225849398018557,0
1708582997, 473356288,3649544,4096,0.5383567031602903,0
1708582997, 473357361,3649552,4096,0.5382719733613617,0
1708582997, 473358435,3649560,4096,0.5264375460142932,0
1708582997, 473358435,3649568,4096,0.5343739205095674,0
1708582997, 473359508,3649576,4096,0.5502423538163809,0
1708582997, 473360582,3649584,4096,0.494529814622494,0
1708582997, 473883376,21462944,4096,0.48428356367552833,0
1708582997, 473884450,21462952,4096,0.5036251767384641,0
1708582997, 473885523,21462960,4096,0.49931056231701765,0
1708582997, 473885523,21462968,4096,0.49747468001741263,0
1708582997, 473886597,21462976,4096,0.497715565164071,0
1708582997, 473887670,21462984,4096,0.4914624231759809,0
1708582997, 473887670,21462992,4096,0.49039078114709617,0
1708582997, 473888744,21463000,4096,0.4991698363220749,0
1708582997, 473889817,21463008,4096,0.49979941399414773,0
1708582997, 473889817,21463016,4096,0.5053823378531689,0
1708582997, 473890891,21463024,4096,0.49981591824916305,0
1708582997, 473891964,21463032,4096,0.5091913778651589,0
1708582997, 473893038,21463040,4096,0.4992270664254313,0
1708582997, 473893038,21463048,4096,0.5034259690289338,0
1708582997, 473894111,21463056,4096,0.5000455455850706,0
1708582998, 873191811,7407088,4096,0.13508372213065473,0
1708582998, 882127625,7714336,4096,0.2738505911580858,0
1708582998, 882127625,7714344,4096,0.2899667785064724,0
1708582998, 882391706,7714376,4096,0.2830469517856406,0
1708582998, 882681551,7714408,4096,0.3178130727718939,0
1708582998, 882983205,7714440,4096,0.2570946584195931,0
1708582998, 882983205,7714448,4096,0.33600001145624747,0
1708582998, 882983205,7714456,4096,0.322220309565046,0
1708582998, 883270903,7714688,4096,0.28808179726452887,0
1708582998, 883270903,7714696,4096,0.2606681617744545,0
1708582998, 883662730,2324888,2048,0.3716438052593936,0
1708582998, 884183378,1776840,4096,0.5144252430365801,0
1708582998, 884183378,1776848,4096,0.5271239119534732,0
1708582998, 884184451,1776856,4096,0.5264660367791458,0
1708582998, 884184451,1776864,4096,0.517496268737795,0
1708582998, 884185525,1776872,4096,0.5172170054265797,0
1708582998, 884186598,1776880,4096,0.5390692992025791,0
1708582998, 884186598,1776888,4096,0.5225867386654286,0
1708582998, 884187672,1776896,4096,0.5275874634839043,0
1708582998, 884188745,1776904,4096,0.5364490403888655,0
1708582998, 884189819,1776912,4096,0.5184015130478576,0
1708582998, 884189819,1776920,4096,0.5259488825237754,0
1708582998, 884190892,1776928,4096,0.5182912819791815,0
1708582998, 884191966,1776936,4096,0.546790736294091,0
1708582998, 884753406,3980896,4096,0.508166805528925,0
1708582998, 884753406,3980904,4096,0.5504407827214314,0
1708582998, 884754480,3980912,4096,0.5281979588195237,0
1708582998, 884755553,3980920,4096,0.5229450877728785,0
1708582998, 884755553,3980928,4096,0.5311198580041322,0
1708582998, 884756627,3980936,4096,0.5240096555676745,0
1708582998, 884757700,3980944,4096,0.5334754220604617,0
1708582998, 884757700,3980952,4096,0.5287656419971194,0
1708582998, 884758774,3980960,4096,0.5265676590864364,0
1708582998, 884759847,3980968,4096,0.5260580436496864,0
1708582998, 884759847,3980976,4096,0.5328224635795682,0
1708582998, 884760921,3980984,4096,0.529252227056816,0
1708582998, 884761994,3980992,4096,0.5305930030017223,0
1708582998, 884763068,3981000,4096,0.5236053773230018,0
1708582998, 884763068,3981008,4096,0.531157473268527,0
1708582998, 923360760,7407216,4096,0.20694415248791498,0
1708582998, 924266794,122028288,4096,0.5576745602857136,0
1708582998, 924266794,122028296,4096,0.5326376968291072,0
1708582998, 924266794,122028304,4096,0.4805346863856649,0
1708582998, 924266794,122028312,4096,0.4796995831420438,0
1708582998, 924507258,121924256,4096,0.2409814047899984,0
1708582998, 924507258,121924264,4096,-0.0,0
1708582998, 924507258,121924272,4096,-0.0,0
1708582998, 924507258,121924280,4096,-0.0,0
1708582998, 924859366,1655888,4096,0.5003349106607595,0
1708582998, 924859366,1655896,4096,0.7396483259550537,0
1708582998, 924859366,1655904,4096,0.10010308973571055,0
1708582998, 937101560,7407088,4096,0.25343772341671333,0
1708582998, 937383891,14264112,4096,0.04170669287484923,0
1708582999, 756104880,7415736,4096,0.37500064277963446,0
1708582999, 756104880,7415744,4096,0.4601832853009789,0
1708582999, 756104880,7415752,4096,0.4908682224807476,0
1708582999, 756104880,7415760,4096,0.39758444109089286,0
1708582999, 756105953,7415768,4096,0.3770502568494236,0
1708582999, 756105953,7415776,4096,0.3778153488095531,0
1708582999, 756918593,7407216,4096,0.12850058402727726,0
1708582999, 765737395,7407080,4096,0.020589820291631186,0
1708583000, 185514653,11146592,4096,0.5325606498694833,0
1708583000, 185515726,11146600,4096,0.5601392355678237,0
1708583000, 185515726,11146608,4096,0.5677501086453742,0
1708583000, 185516800,11146616,4096,0.5636124107101445,0
1708583000, 185517873,11146624,4096,0.5721273898612186,0
1708583000, 185517873,11146632,4096,0.5570459959784557,0
1708583000, 185518947,11146640,4096,0.5695237098990628,0
1708583000, 185520020,11146648,4096,0.5625039428853439,0
1708583000, 185520020,11146656,4096,0.5633402152206343,0
1708583000, 185521094,11146664,4096,0.5601199546030804,0
1708583000, 185522167,11146672,4096,0.5647805307537795,0
1708583000, 185522167,11146680,4096,0.36172537330289334,0
1708583000, 186695503,1375096,4096,0.5115747166856801,0
1708583000, 186696576,1375104,4096,0.54557645359509,0
1708583000, 186697650,1375112,4096,0.5441064689082984,0
1708583000, 186698723,1375120,4096,0.5482083143774269,0
1708583000, 186698723,1375128,4096,0.5494076192929793,0
1708583003, 569912673,3109632,4096,0.52713391588093,0
1708583003, 569913747,3109640,4096,0.5562281012310982,0
1708583003, 569914820,3109648,4096,0.5452763453965335,0
1708583003, 569914820,3109656,4096,0.417755051972014,0
1708583003, 569915894,3109664,4096,0.5948446685427281,0
1708583003, 569915894,3109672,4096,0.5943509005999255,0
1708583003, 569915894,3109680,4096,0.6386867020206136,0
1708583003, 569916967,3109688,4096,0.5718324259879496,0
1708583003, 569916967,3109696,4096,0.027862199187983275,0
1708583004, 771049788,1345280,4096,0.21177116582572714,0
1708583009, 788194297,7415784,4096,0.35077704952125244,0
1708583009, 788194297,7415792,4096,0.47980500527996417,0
1708583009, 788194297,7415800,4096,0.4059627734694635,0
1708583009, 788195371,7415808,4096,0.3775958881412382,0
1708583009, 788195371,7415816,4096,0.379206222501219,0
1708583009, 789352604,7407088,4096,0.08832341762259314,0
1708583009, 792340154,7407072,4096,0.020589820291631186,0
1708583014, 247640528,7407216,4096,0.1612870104760944,0
1708583014, 248601310,11143872,4096,0.008080546319218226,0
1708583014, 249013534,7407088,4096,0.24658786362545784,0
1708583014, 281201358,7407216,4096,0.31115684868082333,0
1708583014, 281566348,22539496,4096,0.007176406242375364,0
1708583014, 281964617,7407088,4096,0.3849070297037308,0
1708583014, 801140348,1366448,4096,0.31136787725640214,0
1708583015, 180085960,17707712,4096,0.12435757560243807,0
1708583015, 181228164,1308128,4096,4.1023312122561166E-4,0
1708583015, 181608183,1308144,4096,0.21831646696476095,0
1708583015, 182182505,2333528,4096,0.22394367469350787,0
1708583015, 182595803,1342952,4096,0.5714756631668939,0
1708583015, 182916779,1342976,4096,0.5447224376062253,0
1708583015, 182917853,1342984,4096,0.1611210807176392,0
1708583015, 183244197,1372664,4096,0.302555665057572,0
1708583015, 183645686,11678520,4096,0.3950901119694784,0
1708583015, 184042881,23012488,4096,0.13196653875493056,0
1708583015, 184428267,22580752,4096,0.2778726411673292,0
1708583015, 184825462,17781176,4096,0.1997507120536733,0
1708583015, 185210849,2492448,4096,0.4645458905125094,0
1708583015, 185664939,1554304,4096,0.5500579322334492,0
1708583015, 185666013,1554312,4096,0.515885338425394,0
1708583015, 185666013,1554320,4096,0.5536585592631404,0
1708583015, 185666013,1554328,4096,0.5259018744223265,0
1708583015, 185667086,1554336,4096,0.5249544076365427,0
1708583015, 185667086,1554344,4096,0.3906174993954226,0
1708583015, 185668160,1554352,4096,0.5233202205662782,0
1708583015, 185668160,1554360,4096,0.5480202637195719,0
1708583015, 185669233,1554368,4096,0.5253138220670887,0
1708583015, 185669233,1554376,4096,0.514148861774022,0
1708583015, 185670307,1554384,4096,0.44834201083436975,0
1708583015, 185670307,1554392,4096,0.514938698953189,0
1708583015, 185670307,1554400,4096,0.2974215045612863,0
1708583015, 185671380,1554408,4096,0.39169209692199447,0
1708583015, 185671380,1554416,4096,0.41326188741706166,0
1708583015, 185672454,1554424,4096,0.40565393856466836,0
1708583015, 185672454,1554432,4096,0.28288926818046095,0
1708583015, 185672454,1554440,4096,0.29583454840148604,0
1708583015, 186170558,1343112,4096,0.5028211950452371,0
1708583015, 186170558,1343120,4096,0.40091364527217277,0
1708583015, 186429271,1726856,4096,0.5604554600505615,0
1708583015, 186429271,1726864,4096,0.49602332240669433,0
1708583015, 186430345,1726872,4096,0.5311226914251979,0
1708583015, 186430345,1726880,4096,0.5562358084148231,0
1708583015, 186430345,1726888,4096,0.5376516347594684,0
1708583015, 186430345,1726896,4096,0.5438833214558969,0
1708583015, 186431418,1726904,4096,0.5625716927626496,0
1708583015, 186431418,1726912,4096,0.5487372547035554,0
1708583015, 186431418,1726920,4096,0.5402052058940777,0
1708583015, 186432492,1726928,4096,0.5325271708212224,0
1708583015, 186432492,1726936,4096,0.5386488299183891,0
1708583015, 186432492,1726944,4096,0.5395932274918571,0
1708583015, 186433565,1726952,4096,0.5672262664983805,0
1708583015, 186433565,1726960,4096,0.5396459673130447,0
1708583015, 186433565,1726968,4096,0.5604394813405158,0
1708583015, 186434639,1726976,4096,0.5373675789779833,0
1708583015, 186435712,1726984,4096,0.421082997707005,0
1708583015, 186435712,1726992,4096,0.5171145423849397,0
1708583015, 186435712,1727000,4096,0.43249225744422853,0
1708583015, 186436786,1727008,4096,0.4607091630520729,0
1708583015, 186436786,1727016,4096,0.5530927835356801,0
1708583015, 186436786,1727024,4096,0.5156993372997927,0
1708583015, 186842569,1727040,4096,0.5496969148001309,0
1708583015, 186842569,1727048,4096,0.36408306491081993,0
1708583015, 187012182,1727064,4096,0.4149084969352831,0
1708583015, 187012182,1727072,4096,0.5504130356331279,0
1708583015, 187208632,1727088,4096,0.5550165068410001,0
1708583015, 187208632,1727096,4096,0.3561477448461844,0
1708583015, 187209706,1727104,4096,0.371013250273178,0
1708583015, 187209706,1727112,4096,0.41969750206345924,0
1708583015, 187209706,1727120,4096,0.35440238722271455,0
1708583015, 187431920,1727136,4096,0.5646777478980232,0
1708583015, 187431920,1727144,4096,0.2987403777571895,0
1708583015, 187432994,1727152,4096,0.38511850192380404,0
1708583015, 187432994,1727160,4096,0.34563939917904424,0
1708583015, 187616562,1727176,4096,0.31775872730916954,0
1708583015, 187779734,1727192,4096,0.2924844227299188,0
1708583015, 187779734,1727200,4096,0.30068488575215097,0
1708583015, 187780808,1727208,4096,0.2998659048943772,0
1708583015, 187780808,1727216,4096,0.30037039349652345,0
1708583015, 367163731,138392704,4096,0.5158946713539262,0
1708583015, 367163731,138392712,4096,0.5127417943058005,0
1708583015, 367163731,138392720,4096,0.5298124830766638,0
1708583015, 367164805,138392728,4096,0.5193549483534611,0
1708583015, 367164805,138392736,4096,0.5865008369326205,0
1708583015, 367165878,138392744,4096,0.535990688263781,0
1708583015, 367165878,138392752,4096,0.6137570877041713,0
1708583015, 367166952,138392760,4096,0.5102436264595911,0
1708583015, 367166952,138392768,4096,0.5727886838283575,0
1708583015, 367166952,138392776,4096,0.5939212753793187,0
1708583015, 367168025,138392784,4096,0.4837254477597659,0
1708583015, 367169099,138392792,4096,0.6622602340137662,0
1708583015, 367169099,138392800,4096,0.5188065966546804,0
1708583015, 367169099,138392808,4096,0.5244682102254177,0
1708583015, 367170172,138392816,4096,0.5345753056936654,0
1708583015, 367170172,138392824,4096,0.5758512687259137,0
1708583015, 367178760,138392832,4096,0.594986091197024,0
1708583015, 367179834,138392840,4096,0.5961820313346797,0
1708583015, 367179834,138392848,4096,0.6123488832513796,0
1708583015, 367180907,138392856,4096,0.6078860943773804,0
1708583015, 367180907,138392864,4096,0.5915330657057657,0
1708583015, 367181981,138392872,4096,0.5687572585351829,0
1708583015, 367181981,138392880,4096,0.5888510311048757,0
1708583015, 367183054,138392888,4096,0.5295465884548165,0
1708583015, 367183054,138392896,4096,0.5985319249923833,0
1708583015, 367184128,138392904,4096,0.53562901536605,0
1708583015, 367184128,138392912,4096,0.60596189309293,0
1708583015, 367184128,138392920,4096,0.5611453450390264,0
1708583015, 367185201,138392928,4096,0.46492586791212226,0
1708583015, 367185201,138392936,4096,0.6258731456314661,0
1708583015, 367186275,138392944,4096,0.5992468039478457,0
1708583015, 367186275,138392952,4096,0.5961008005583978,0
1708583015, 367304360,138392960,4096,0.5948150405772265,0
1708583015, 367304360,138392968,4096,0.558074336915617,0
1708583015, 367305433,138392976,4096,0.5051613125859604,0
1708583015, 367305433,138392984,4096,0.4221708150334652,0
1708583015, 367305433,138392992,4096,0.3558609371311346,0
1708583015, 367306507,138393000,4096,0.5359764359020476,0
1708583015, 367306507,138393008,4096,0.3423621477814049,0
1708583015, 367306507,138393016,4096,0.3260140423758134,0
1708583015, 367307580,138393024,4096,0.36229180679151374,0
1708583015, 367448209,138393032,4096,0.3827702049216423,0
1708583015, 367448209,138393040,4096,0.46593294700824767,0
1708583015, 367448209,138393048,4096,0.45836490568605903,0
1708583015, 367449282,138393056,4096,0.4904307125162725,0
1708583015, 367449282,138393064,4096,0.415032472760044,0
1708583015, 367449282,138393072,4096,0.3698866020731443,0
1708583015, 367450356,138393080,4096,0.4969106334045001,0
1708583015, 367457870,138393088,4096,0.35490221552658285,0
1708583015, 367457870,138393096,4096,0.337820276092273,0
1708583015, 367458944,138393104,4096,0.3469591911603303,0
1708583015, 367458944,138393112,4096,0.3923351807948926,0
1708583015, 367460017,138393120,4096,0.34366634441054184,0
1708583015, 367460017,138393128,4096,0.3845580931666044,0
1708583015, 367461091,138393136,4096,0.4742724325813377,0
1708583015, 367461091,138393144,4096,0.47508071117338957,0
1708583015, 367462164,138393152,4096,0.4794932679344488,0
1708583015, 367462164,138393160,4096,0.3317376987515147,0
1708583015, 367462164,138393168,4096,0.43774953559990115,0
1708583015, 367463238,138393176,4096,0.47404894477598236,0
1708583015, 367464311,138393184,4096,0.46490438950009727,0
1708583015, 367464311,138393192,4096,0.36246664294414577,0
1708583015, 367464311,138393200,4096,0.3466608526612441,0
1708583015, 367465385,138393208,4096,0.41407680647031997,0
1708583015, 367506178,138393216,4096,0.4791460487121269,0
1708583015, 367506178,138393224,4096,0.3949750545511553,0
1708583015, 367506178,138393232,4096,0.32729914884427236,0
1708583015, 367506178,138393240,4096,0.3152044427448849,0
1708583015, 367507251,138393248,4096,0.31804407133879253,0
1708583015, 367507251,138393256,4096,0.3213515455379973,0
1708583015, 367507251,138393264,4096,0.32269330899652876,0
1708583015, 367508325,138393272,4096,0.30984287721723036,0
1708583015, 367508325,138393280,4096,0.3207282247127285,0
1708583015, 367508325,138393288,4096,0.32569202933817626,0
1708583015, 367509398,138393296,4096,0.32707412636990696,0
1708583015, 367509398,138393304,4096,0.3344334338328428,0
1708583015, 367510472,138393312,4096,0.3287721635045609,0
1708583015, 367510472,138393320,4096,0.3115570697852232,0
1708583015, 367510472,138393328,4096,0.32093600891553437,0
1708583015, 367511545,138393336,4096,0.3262390060540707,0
1708583015, 367519060,138393344,4096,0.3149043618598716,0
1708583015, 367520133,138393352,4096,0.32579328438184757,0
1708583015, 367520133,138393360,4096,0.41375547549770236,0
1708583015, 367520133,138393368,4096,0.4786639466651753,0
1708583015, 367521207,138393376,4096,0.4776023611897669,0
1708583015, 367521207,138393384,4096,0.48163802370562186,0
1708583015, 367522280,138393392,4096,0.40341339750369604,0
1708583015, 367522280,138393400,4096,0.5573051814645228,0
1708583015, 367522280,138393408,4096,0.4417546221934075,0
1708583015, 367523354,138393416,4096,0.3213758066150801,0
1708583015, 367526574,138393424,4096,0.5674754837664656,0
1708583015, 367527648,138393432,4096,0.675890161290926,0
1708583015, 367527648,138393440,4096,0.593941305342209,0
1708583015, 367528721,138393448,4096,0.6246628913836209,0
1708583015, 367528721,138393456,4096,0.607321642536364,0
1708583015, 367528721,138393464,4096,0.5674239306992195,0
1708583015, 367602793,138393472,4096,0.6193433336257642,0
1708583015, 367602793,138393480,4096,0.6702892680050917,0
1708583015, 367603866,138393488,4096,0.5660854208671011,0
1708583015, 367603866,138393496,4096,0.6229740778212084,0
1708583015, 367603866,138393504,4096,0.5014532506615325,0
1708583015, 367604940,138393512,4096,0.5583595278101902,0
1708583015, 367604940,138393520,4096,0.6513591833286901,0
1708583015, 367606013,138393528,4096,0.5174069198129723,0
1708583015, 367606013,138393536,4096,0.5311706409361235,0
1708583015, 367606013,138393544,4096,0.5590274809126181,0
1708583015, 367607087,138393552,4096,0.6420559438052758,0
1708583015, 367608160,138393560,4096,0.6422965584087024,0
1708583015, 367608160,138393568,4096,0.5279627806091732,0
1708583015, 367609234,138393576,4096,0.5420736980462,0
1708583015, 367609234,138393584,4096,0.5497915589809351,0
1708583015, 367610307,138393592,4096,0.5937149203755103,0
1708583015, 367630704,138393600,4096,0.6235381755782148,0
1708583015, 367631777,138393608,4096,0.6663357261040982,0
1708583015, 367631777,138393616,4096,0.5850023375946323,0
1708583015, 367631777,138393624,4096,0.6997137146674013,0
1708583015, 367632851,138393632,4096,0.6733752005040848,0
1708583015, 367632851,138393640,4096,0.6281729152541975,0
1708583015, 367633924,138393648,4096,0.5988301251922267,0
1708583015, 367634998,138393656,4096,0.5629099532242202,0
1708583015, 367634998,138393664,4096,0.6524624568199819,0
1708583015, 367634998,138393672,4096,0.556699696558999,0
1708583015, 367636071,138393680,4096,0.5541964062960933,0
1708583015, 367636071,138393688,4096,0.5936585030562059,0
1708583015, 367637145,138393696,4096,0.49132769151005135,0
1708583015, 367637145,138393704,4096,0.6038764825405671,0
1708583015, 367637145,138393712,4096,0.6462835088070525,0
1708583015, 367638218,138393720,4096,0.49812825564575747,0
1708583015, 367674717,138393728,4096,0.6480603169877011,0
1708583015, 367674717,138393736,4096,0.5893685031429677,0
1708583015, 367674717,138393744,4096,0.6140401176218908,0
1708583015, 367675791,138393752,4096,0.5962215690118059,0
1708583015, 367675791,138393760,4096,0.6855731846507581,0
1708583015, 367675791,138393768,4096,0.5129824571994214,0
1708583015, 367676864,138393776,4096,0.49276093484186606,0
1708583015, 367676864,138393784,4096,0.4952522730385446,0
1708583015, 367676864,138393792,4096,0.5032869718592938,0
1708583015, 367677938,138393800,4096,0.49715328226174416,0
1708583015, 367677938,138393808,4096,0.5077258008248663,0
1708583015, 367679011,138393816,4096,0.5027848126968283,0
1708583015, 367679011,138393824,4096,0.5142449223722861,0
1708583015, 367680085,138393832,4096,0.6906313714077138,0
1708583015, 367680085,138393840,4096,0.5821179318650195,0
1708583015, 367681158,138393848,4096,0.6482243522658059,0
1708583015, 367689746,138393856,4096,0.6116500846004914,0
1708583015, 367690820,138393864,4096,0.5652845635030668,0
1708583015, 367690820,138393872,4096,0.47082695396407315,0
1708583015, 367691893,138393880,4096,0.5754836970397408,0
1708583015, 367691893,138393888,4096,0.5146200565413143,0
1708583015, 367692967,138393896,4096,0.5876967952146439,0
1708583015, 367692967,138393904,4096,0.5452604487564989,0
1708583015, 367692967,138393912,4096,0.6252445024016174,0
1708583015, 367694040,138393920,4096,0.5831078903380564,0
1708583015, 367694040,138393928,4096,0.5262835835299668,0
1708583015, 367695114,138393936,4096,0.49345263678034823,0
1708583015, 367695114,138393944,4096,0.5963986619919701,0
1708583015, 367695114,138393952,4096,0.5911910848992016,0
1708583015, 367696187,138393960,4096,0.6171015649693038,0
1708583015, 367696187,138393968,4096,0.5853201416476567,0
1708583015, 367696187,138393976,4096,0.46974984882501636,0
1708583015, 367762744,138393984,4096,0.6561435581956597,0
1708583015, 367763818,138393992,4096,0.5746502762635899,0
1708583015, 367763818,138394000,4096,0.5022264395071759,0
1708583015, 367763818,138394008,4096,0.5405098402164781,0
1708583015, 367764891,138394016,4096,0.5050439290691813,0
1708583015, 367764891,138394024,4096,0.6147325912072862,0
1708583015, 367764891,138394032,4096,0.5554666501989383,0
1708583015, 367765965,138394040,4096,0.5559561922877276,0
1708583015, 367765965,138394048,4096,0.554035651722875,0
1708583015, 367765965,138394056,4096,0.45964628992513223,0
1708583015, 367767038,138394064,4096,0.4630258511161121,0
1708583015, 367767038,138394072,4096,0.6145227766327721,0
1708583015, 367768112,138394080,4096,0.5620623073120753,0
1708583015, 367768112,138394088,4096,0.6481652783116847,0
1708583015, 367768112,138394096,4096,0.5458649893308257,0
1708583015, 367769185,138394104,4096,0.5737185045808578,0
1708583015, 367776700,138394112,4096,0.48570495977731265,0
1708583015, 367776700,138394120,4096,0.5332829891878138,0
1708583015, 367777773,138394128,4096,0.47062641782567416,0
1708583015, 367777773,138394136,4096,0.46282655455048227,0
1708583015, 367777773,138394144,4096,0.46780221760877233,0
1708583015, 367778847,138394152,4096,0.45626460383008555,0
1708583015, 367778847,138394160,4096,0.5706357323820899,0
1708583015, 367779920,138394168,4096,0.5906225650286129,0
1708583015, 367779920,138394176,4096,0.6424370479874031,0
1708583015, 367780994,138394184,4096,0.6054430976534219,0
1708583015, 367780994,138394192,4096,0.6709036441042376,0
1708583015, 367780994,138394200,4096,0.45075426058279855,0
1708583015, 367782067,138394208,4096,0.45007647697979575,0
1708583015, 367782067,138394216,4096,0.4590691242864368,0
1708583015, 367783141,138394224,4096,0.6284895574069959,0
1708583015, 367783141,138394232,4096,0.682270291348842,0
1708583015, 367829301,138394240,4096,0.5245618857291235,0
1708583015, 367830375,138394248,4096,0.5787837260258012,0
1708583015, 367830375,138394256,4096,0.4488937650623274,0
1708583015, 367830375,138394264,4096,0.4298016683637491,0
1708583015, 367831448,138394272,4096,0.43136613872843416,0
1708583015, 367831448,138394280,4096,0.438879593101434,0
1708583015, 367831448,138394288,4096,0.49121238906872405,0
1708583015, 367831448,138394296,4096,0.47843368839319417,0
1708583015, 367832522,138394304,4096,0.4474998114472195,0
1708583015, 367832522,138394312,4096,0.46994293662390635,0
1708583015, 367833595,138394320,4096,0.47067482285008955,0
1708583015, 367833595,138394328,4096,0.4691328515416477,0
1708583015, 367833595,138394336,4096,0.4453950357678891,0
1708583015, 367834669,138394344,4096,0.43172048384588413,0
1708583015, 367834669,138394352,4096,0.4805343529035324,0
1708583015, 367835742,138394360,4096,0.48347999699417393,0
1708583015, 367841110,138394368,4096,0.4401609198620426,0
1708583015, 367841110,138394376,4096,0.4592018572270802,0
1708583015, 367842183,138394384,4096,0.4381201477574712,0
1708583015, 367842183,138394392,4096,0.4700478050143989,0
1708583015, 367842183,138394400,4096,0.42792878609608764,0
1708583015, 367843257,138394408,4096,0.44044452790212324,0
1708583015, 367843257,138394416,4096,0.478380288590363,0
1708583015, 367844330,138394424,4096,0.4426899624838469,0
1708583015, 367844330,138394432,4096,0.45416225841634844,0
1708583015, 367844330,138394440,4096,0.4387842715074273,0
1708583015, 367845404,138394448,4096,0.4634591790576298,0
1708583015, 367845404,138394456,4096,0.42757855632772906,0
1708583015, 367845404,138394464,4096,0.443065429290554,0
1708583015, 367846477,138394472,4096,0.4887208261422756,0
1708583015, 367846477,138394480,4096,0.44104741650899093,0
1708583015, 367847551,138394488,4096,0.4861349194352949,0
1708583015, 367894785,138394496,4096,0.44163865743190184,0
1708583015, 367894785,138394504,4096,0.46448258905614415,0
1708583015, 367895858,138394512,4096,0.4663342014657683,0
1708583015, 367895858,138394520,4096,0.47011305166344863,0
1708583015, 367895858,138394528,4096,0.4647821940867802,0
1708583015, 367896932,138394536,4096,0.4522121218348565,0
1708583015, 367896932,138394544,4096,0.43224016124819326,0
1708583015, 367896932,138394552,4096,0.47544537206690124,0
1708583015, 367896932,138394560,4096,0.44337825532203795,0
1708583015, 367898005,138394568,4096,0.4630705867331359,0
1708583015, 367898005,138394576,4096,0.4681039482955531,0
1708583015, 367899079,138394584,4096,0.43586798543663224,0
1708583015, 367899079,138394592,4096,0.4722419742048444,0
1708583015, 367899079,138394600,4096,0.47590628432282,0
1708583015, 367900152,138394608,4096,0.44376064211027705,0
1708583015, 367900152,138394616,4096,0.4432059282639371,0
1708583015, 367906593,138394624,4096,0.4472183626088689,0
1708583015, 367906593,138394632,4096,0.47090804725902446,0
1708583015, 367907667,138394640,4096,0.4698498202653554,0
1708583015, 367907667,138394648,4096,0.46220775367276895,0
1708583015, 367908740,138394656,4096,0.46815647153478657,0
1708583015, 367908740,138394664,4096,0.46567307543859315,0
1708583015, 367908740,138394672,4096,0.44305380849398707,0
1708583015, 367909814,138394680,4096,0.4788968352806605,0
1708583015, 367909814,138394688,4096,0.44148959417137423,0
1708583015, 367910887,138394696,4096,0.47742161897773894,0
1708583015, 367910887,138394704,4096,0.46183587370917123,0
1708583015, 367910887,138394712,4096,0.42819249897974554,0
1708583015, 367911961,138394720,4096,0.4428213684481148,0
1708583015, 367911961,138394728,4096,0.4798748951340727,0
1708583015, 367913034,138394736,4096,0.44895940377467514,0
1708583015, 367913034,138394744,4096,0.4722830231387835,0
1708583015, 370326262,138394752,4096,0.5322893608217558,0
1708583015, 370327336,138394760,4096,0.48916123840538983,0
1708583015, 370327336,138394768,4096,0.5598226974883007,0
1708583015, 370327336,138394776,4096,0.5142265742087259,0
1708583015, 370328409,138394784,4096,0.5117816114227207,0
1708583015, 370328409,138394792,4096,0.5362128197794479,0
1708583015, 370328409,138394800,4096,0.515840286601224,0
1708583015, 370329483,138394808,4096,0.5121794198711369,0
1708583015, 370329483,138394816,4096,0.5162726492397443,0
1708583015, 370330556,138394824,4096,0.5113881277118815,0
1708583015, 370330556,138394832,4096,0.5195794643618911,0
1708583015, 370330556,138394840,4096,0.6029057925258681,0
1708583015, 370330556,138394848,4096,0.5180629492115666,0
1708583015, 370331630,138394856,4096,0.5279206203172808,0
1708583015, 370331630,138394864,4096,0.5159262516733876,0
1708583015, 370331630,138394872,4096,0.5313800010981424,0
1708583015, 370340218,138394880,4096,0.5614734874173439,0
1708583015, 370341291,138394888,4096,0.5599738003291205,0
1708583015, 370341291,138394896,4096,0.5118687296288863,0
1708583015, 370341291,138394904,4096,0.6020197721135325,0
1708583015, 370342365,138394912,4096,0.5003860480065854,0
1708583015, 370342365,138394920,4096,0.4906257047649612,0
1708583015, 370342365,138394928,4096,0.5851965806434826,0
1708583015, 370343438,138394936,4096,0.5061875400139154,0
1708583015, 370343438,138394944,4096,0.5877881013931423,0
1708583015, 370343438,138394952,4096,0.526151423321812,0
1708583015, 370343438,138394960,4096,0.5992933165638578,0
1708583015, 370344512,138394968,4096,0.5896470432413654,0
1708583015, 370344512,138394976,4096,0.5281309841592803,0
1708583015, 370344512,138394984,4096,0.5077153966856679,0
1708583015, 370344512,138394992,4096,0.6073213557775557,0
1708583015, 370345585,138395000,4096,0.5825978939130565,0
1708583015, 370400334,138395008,4096,0.48293722767271285,0
1708583015, 370401407,138395016,4096,0.5459374520356757,0
1708583015, 370401407,138395024,4096,0.5667221134060876,0
1708583015, 370401407,138395032,4096,0.5891736154131635,0
1708583015, 370401407,138395040,4096,0.5431710553411474,0
1708583015, 370402481,138395048,4096,0.5641014956697732,0
1708583015, 370403554,138395056,4096,0.5527664769294577,0
1708583015, 370403554,138395064,4096,0.4463272606151867,0
1708583015, 370403554,138395072,4096,0.5910206402493516,0
1708583015, 370404628,138395080,4096,0.48383541917809814,0
1708583015, 370404628,138395088,4096,0.4474938552698734,0
1708583015, 370405701,138395096,4096,0.583676116648819,0
1708583015, 370405701,138395104,4096,0.5725644415289688,0
1708583015, 370405701,138395112,4096,0.5398701709185639,0
1708583015, 370406775,138395120,4096,0.49665421275486243,0
1708583015, 370406775,138395128,4096,0.5706395663721565,0
1708583015, 370413216,138395136,4096,0.5797022906771914,0
1708583015, 370414289,138395144,4096,0.5182893478659837,0
1708583015, 370414289,138395152,4096,0.489245539626364,0
1708583015, 370414289,138395160,4096,0.5196206055257799,0
1708583015, 370415363,138395168,4096,0.5474861550735157,0
1708583015, 370415363,138395176,4096,0.5629351289501755,0
1708583015, 370416436,138395184,4096,0.5039802913981188,0
1708583015, 370416436,138395192,4096,0.5164034268100505,0
1708583015, 370417510,138395200,4096,0.5509054108508616,0
1708583015, 370417510,138395208,4096,0.5758659902431674,0
1708583015, 370417510,138395216,4096,0.5199470797606206,0
1708583015, 370418583,138395224,4096,0.5878731080800196,0
1708583015, 370418583,138395232,4096,0.6305589744404058,0
1708583015, 370419657,138395240,4096,0.5409903907430142,0
1708583015, 370419657,138395248,4096,0.5650660825242981,0
1708583015, 370419657,138395256,4096,0.6050790823019371,0
1708583015, 370466891,138395264,4096,0.5257037799967226,0
1708583015, 370466891,138395272,4096,0.6294419081987855,0
1708583015, 370467964,138395280,4096,0.5811927319744299,0
1708583015, 370467964,138395288,4096,0.51169462084866,0
1708583015, 370467964,138395296,4096,0.6307073215637495,0
1708583015, 370467964,138395304,4096,0.6394121252300529,0
1708583015, 370469038,138395312,4096,0.6765440106681231,0
1708583015, 370469038,138395320,4096,0.6361657464006207,0
1708583015, 370469038,138395328,4096,0.5693142741514513,0
1708583015, 370470111,138395336,4096,0.600196223958268,0
1708583015, 370470111,138395344,4096,0.5901852266440758,0
1708583015, 370470111,138395352,4096,0.5655279309133803,0
1708583015, 370471185,138395360,4096,0.6105167486092065,0
1708583015, 370471185,138395368,4096,0.5669367680520204,0
1708583015, 370471185,138395376,4096,0.6613167847022032,0
1708583015, 370472258,138395384,4096,0.5695904164010859,0
1708583015, 370478699,138395392,4096,0.5273697248609697,0
1708583015, 370478699,138395400,4096,0.4387847710304506,0
1708583015, 370478699,138395408,4096,0.4433984717693748,0
1708583015, 370478699,138395416,4096,0.6548245300619426,0
1708583015, 370479773,138395424,4096,0.6805760165975749,0
1708583015, 370479773,138395432,4096,0.6152140004439027,0
1708583015, 370479773,138395440,4096,0.5189363322772451,0
1708583015, 370480846,138395448,4096,0.6320200853028083,0
1708583015, 370480846,138395456,4096,0.5993486404710227,0
1708583015, 370480846,138395464,4096,0.6491615324606562,0
1708583015, 370480846,138395472,4096,0.6363752235306569,0
1708583015, 370481920,138395480,4096,0.5813825332519035,0
1708583015, 370481920,138395488,4096,0.6604336461323518,0
1708583015, 370481920,138395496,4096,0.6770623762522325,0
1708583015, 370482993,138395504,4096,0.5865865809632681,0
1708583015, 370482993,138395512,4096,0.5223257781018161,0
1708583015, 370530227,138395520,4096,0.531299397490995,0
1708583015, 370530227,138395528,4096,0.47358797952999776,0
1708583015, 370531301,138395536,4096,0.589785593520084,0
1708583015, 370531301,138395544,4096,0.6283412588157193,0
1708583015, 370531301,138395552,4096,0.5838634167078939,0
1708583015, 370531301,138395560,4096,0.6253441153906454,0
1708583015, 370532374,138395568,4096,0.635695793974724,0
1708583015, 370532374,138395576,4096,0.6076520367414285,0
1708583015, 370532374,138395584,4096,0.5887023315749839,0
1708583015, 370533448,138395592,4096,0.6729000001901333,0
1708583015, 370533448,138395600,4096,0.571773232357456,0
1708583015, 370533448,138395608,4096,0.5734851218772175,0
1708583015, 370534521,138395616,4096,0.5366490656542094,0
1708583015, 370534521,138395624,4096,0.46757744349949043,0
1708583015, 370534521,138395632,4096,0.6957203569793773,0
1708583015, 370535595,138395640,4096,0.6982831747094184,0
1708583015, 370543109,138395648,4096,0.6778724770133173,0
1708583015, 370543109,138395656,4096,0.6242785316616764,0
1708583015, 370543109,138395664,4096,0.46256923888755314,0
1708583015, 370543109,138395672,4096,0.5923955628588251,0
1708583015, 370544183,138395680,4096,0.575227457014784,0
1708583015, 370544183,138395688,4096,0.34322838659722454,0
1708583015, 370545256,138395696,4096,0.47782151673584344,0
1708583015, 370545256,138395704,4096,0.5574865232299873,0
1708583015, 370545256,138395712,4096,0.4717000847233433,0
1708583015, 370546330,138395720,4096,0.5605522958056292,0
1708583015, 370546330,138395728,4096,0.601177001217131,0
1708583015, 370547403,138395736,4096,0.47057882133926626,0
1708583015, 370547403,138395744,4096,0.5313175089257777,0
1708583015, 370547403,138395752,4096,0.5538219026654414,0
1708583015, 370548477,138395760,4096,0.5352199809979687,0
1708583015, 370548477,138395768,4096,0.6207525389445563,0
1708583015, 370594637,138395776,4096,0.5830838799792188,0
1708583015, 370594637,138395784,4096,0.506364330683693,0
1708583015, 370594637,138395792,4096,0.6747583587416138,0
1708583015, 370595711,138395800,4096,0.6807728833521185,0
1708583015, 370595711,138395808,4096,0.6648423805506838,0
1708583015, 370595711,138395816,4096,0.6366612757435417,0
1708583015, 370596784,138395824,4096,0.6589927843209991,0
1708583015, 370596784,138395832,4096,0.6064481186491346,0
1708583015, 370597858,138395840,4096,0.5291049383015773,0
1708583015, 370597858,138395848,4096,0.49479355969309274,0
1708583015, 370597858,138395856,4096,0.5673532702888303,0
1708583015, 370598931,138395864,4096,0.5062698161680749,0
1708583015, 370598931,138395872,4096,0.5385980807108042,0
1708583015, 370600005,138395880,4096,0.47430619823542775,0
1708583015, 370600005,138395888,4096,0.5119133458315772,0
1708583015, 370600005,138395896,4096,0.5807296411118321,0
1708583015, 370606446,138395904,4096,0.44506190044038324,0
1708583015, 370606446,138395912,4096,0.5918501876302645,0
1708583015, 370606446,138395920,4096,0.49782145899349145,0
1708583015, 370607519,138395928,4096,0.5831539400470455,0
1708583015, 370607519,138395936,4096,0.5325446174480317,0
1708583015, 370607519,138395944,4096,0.6012088372620296,0
1708583015, 370608593,138395952,4096,0.43451415704612534,0
1708583015, 370608593,138395960,4096,0.4391694570821535,0
1708583015, 370609666,138395968,4096,0.4363266972493619,0
1708583015, 370609666,138395976,4096,0.43415228050928,0
1708583015, 370609666,138395984,4096,0.43558653210217607,0
1708583015, 370610740,138395992,4096,0.42903209408477044,0
1708583015, 370610740,138396000,4096,0.43887249733843153,0
1708583015, 370611813,138396008,4096,0.48691564977043017,0
1708583015, 370611813,138396016,4096,0.5243348792094178,0
1708583015, 370611813,138396024,4096,0.4416712480126349,0
1708583015, 370678370,138396032,4096,0.4774784601424246,0
1708583015, 370678370,138396040,4096,0.43404565738817746,0
1708583015, 370679444,138396048,4096,0.4361703291067964,0
1708583015, 370679444,138396056,4096,0.44697088199821283,0
1708583015, 370679444,138396064,4096,0.4875500696718742,0
1708583015, 370680517,138396072,4096,0.4418600053865512,0
1708583015, 370680517,138396080,4096,0.48251295055772325,0
1708583015, 370681591,138396088,4096,0.44060997304998073,0
1708583015, 370681591,138396096,4096,0.44442679853821454,0
1708583015, 370681591,138396104,4096,0.48831847649897203,0
1708583015, 370682664,138396112,4096,0.4336749416685036,0
1708583015, 370682664,138396120,4096,0.43021467373858124,0
1708583015, 370683738,138396128,4096,0.4423855838572744,0
1708583015, 370683738,138396136,4096,0.48778951563796297,0
1708583015, 370683738,138396144,4096,0.42639300092617505,0
1708583015, 370684811,138396152,4096,0.4358327639033129,0
1708583015, 370696620,138396160,4096,0.4756614262682123,0
1708583015, 370696620,138396168,4096,0.47522450156825174,0
1708583015, 370696620,138396176,4096,0.44318186905321477,0
1708583015, 370697693,138396184,4096,0.48360058589475785,0
1708583015, 370697693,138396192,4096,0.43180933864715015,0
1708583015, 370698767,138396200,4096,0.4261678916577056,0
1708583015, 370698767,138396208,4096,0.43775951116797657,0
1708583015, 370698767,138396216,4096,0.46878166738376653,0
1708583015, 370699840,138396224,4096,0.42950167344444895,0
1708583015, 370699840,138396232,4096,0.4395745131116302,0
1708583015, 370700914,138396240,4096,0.49376276405982067,0
1708583015, 370700914,138396248,4096,0.4350071471660121,0
1708583015, 370700914,138396256,4096,0.47491680026550537,0
1708583015, 370701987,138396264,4096,0.4521871186850335,0
1708583015, 370701987,138396272,4096,0.4599509254253303,0
1708583015, 370701987,138396280,4096,0.47940127750256634,0
1708583015, 370740633,138396288,4096,0.42828390128116506,0
1708583015, 370740633,138396296,4096,0.4346377417964939,0
1708583015, 370741707,138396304,4096,0.4748185425671187,0
1708583015, 370741707,138396312,4096,0.45909127624807006,0
1708583015, 370741707,138396320,4096,0.46318196108956483,0
1708583015, 370742780,138396328,4096,0.4374608933959167,0
1708583015, 370742780,138396336,4096,0.45482885259731964,0
1708583015, 370742780,138396344,4096,0.45615513058317286,0
1708583015, 370743854,138396352,4096,0.4474568322430418,0
1708583015, 370743854,138396360,4096,0.43303212965902943,0
1708583015, 370743854,138396368,4096,0.44334845920857224,0
1708583015, 370744927,138396376,4096,0.4699666815297187,0
1708583015, 370744927,138396384,4096,0.4430249062776642,0
1708583015, 370746001,138396392,4096,0.48966942220119164,0
1708583015, 370746001,138396400,4096,0.46284828587827426,0
1708583015, 370746001,138396408,4096,0.453521648306179,0
1708583015, 370752442,138396416,4096,0.4693022919801491,0
1708583015, 370753515,138396424,4096,0.434784070067792,0
1708583015, 370753515,138396432,4096,0.43163855593217404,0
1708583015, 370753515,138396440,4096,0.44136364154748625,0
1708583015, 370754589,138396448,4096,0.4834657092785683,0
1708583015, 370754589,138396456,4096,0.4283599951472855,0
1708583015, 370755662,138396464,4096,0.43870792886641813,0
1708583015, 370755662,138396472,4096,0.4901419334699109,0
1708583015, 370755662,138396480,4096,0.4557847460095066,0
1708583015, 370756736,138396488,4096,0.44313314293452544,0
1708583015, 370756736,138396496,4096,0.5211440788562659,0
1708583015, 370757809,138396504,4096,0.5005979599262271,0
1708583015, 370757809,138396512,4096,0.49339144890771314,0
1708583015, 370757809,138396520,4096,0.49651061461026186,0
1708583015, 370758883,138396528,4096,0.4969722197122771,0
1708583015, 370758883,138396536,4096,0.4924160063468347,0
1708583015, 370909173,138396544,4096,0.4968541887813621,0
1708583015, 370909173,138396552,4096,0.49068729039602976,0
1708583015, 370909173,138396560,4096,0.5055137058786972,0
1708583015, 370910246,138396568,4096,0.5043777532487955,0
1708583015, 370910246,138396576,4096,0.5094336695912549,0
1708583015, 370910246,138396584,4096,0.5027190914732373,0
1708583015, 370911320,138396592,4096,0.4917418677470819,0
1708583015, 370911320,138396600,4096,0.49420488462385553,0
1708583015, 370911320,138396608,4096,0.49419315540599323,0
1708583015, 370912393,138396616,4096,0.48985975053388375,0
1708583015, 370912393,138396624,4096,0.5005722099070745,0
1708583015, 370912393,138396632,4096,0.4939078245285658,0
1708583015, 370913467,138396640,4096,0.4918520649141262,0
1708583015, 370913467,138396648,4096,0.49382751795370283,0
1708583015, 370913467,138396656,4096,0.4950886099245719,0
1708583015, 370914540,138396664,4096,0.49792966666435845,0
1708583015, 370919908,138396672,4096,0.4895616473637455,0
1708583015, 370919908,138396680,4096,0.48360705208562604,0
1708583015, 370920981,138396688,4096,0.4940495508541719,0
1708583015, 370920981,138396696,4096,0.4905262962941877,0
1708583015, 370920981,138396704,4096,0.48870273717136703,0
1708583015, 370922055,138396712,4096,0.48433986203525753,0
1708583015, 370922055,138396720,4096,0.48816656079991017,0
1708583015, 370922055,138396728,4096,0.49271767007194617,0
1708583015, 370923128,138396736,4096,0.4823249013936759,0
1708583015, 370923128,138396744,4096,0.5008111761125595,0
1708583015, 370924202,138396752,4096,0.4964692186904268,0
1708583015, 370924202,138396760,4096,0.49351231569599635,0
1708583015, 370924202,138396768,4096,0.4953536163505103,0
1708583015, 370925275,138396776,4096,0.4968185472296523,0
1708583015, 370925275,138396784,4096,0.49577804890058674,0
1708583015, 370925275,138396792,4096,0.4942420786755808,0
1708583015, 372858649,138396800,4096,0.36480788408230674,0
1708583015, 372858649,138396808,4096,0.5585957134492232,0
1708583015, 372859722,138396816,4096,0.49986251849362884,0
1708583015, 372859722,138396824,4096,0.5395293480756177,0
1708583015, 372859722,138396832,4096,0.5157427454386194,0
1708583015, 372860796,138396840,4096,0.5139060159892939,0
1708583015, 372860796,138396848,4096,0.6023078613348299,0
1708583015, 372860796,138396856,4096,0.5022732996681865,0
1708583015, 372861869,138396864,4096,0.5266476081196548,0
1708583015, 372861869,138396872,4096,0.5228329280423551,0
1708583015, 372862943,138396880,4096,0.6042074083907759,0
1708583015, 372862943,138396888,4096,0.5150348029637531,0
1708583015, 372862943,138396896,4096,0.664120937129759,0
1708583015, 372864016,138396904,4096,0.4754589981961171,0
1708583015, 372864016,138396912,4096,0.49354429922030224,0
1708583015, 372864016,138396920,4096,0.5209163235885879,0
1708583015, 372873678,138396928,4096,0.5947913338054579,0
1708583015, 372874751,138396936,4096,0.579418226773728,0
1708583015, 372874751,138396944,4096,0.5137400101517638,0
1708583015, 372875825,138396952,4096,0.5951385408328693,0
1708583015, 372875825,138396960,4096,0.5057876560017557,0
1708583015, 372876898,138396968,4096,0.6033145881089309,0
1708583015, 372876898,138396976,4096,0.5467139863009053,0
1708583015, 372876898,138396984,4096,0.62659011387967,0
1708583015, 372877972,138396992,4096,0.5835126172588154,0
1708583015, 372877972,138397000,4096,0.5672886728895161,0
1708583015, 372877972,138397008,4096,0.5716827297696373,0
1708583015, 372877972,138397016,4096,0.5245734158866282,0
1708583015, 372879045,138397024,4096,0.5850401317426401,0
1708583015, 372879045,138397032,4096,0.5791929015286333,0
1708583015, 372879045,138397040,4096,0.5687180391907585,0
1708583015, 372880119,138397048,4096,0.5685634386544216,0
1708583015, 372930573,138397056,4096,0.522271782945021,0
1708583015, 372930573,138397064,4096,0.6604953554941526,0
1708583015, 372930573,138397072,4096,0.54111475516361,0
1708583015, 372931647,138397080,4096,0.45243101418505743,0
1708583015, 372931647,138397088,4096,0.5840201336563088,0
1708583015, 372931647,138397096,4096,0.5050252460492666,0
1708583015, 372932720,138397104,4096,0.5662795425502298,0
1708583015, 372932720,138397112,4096,0.5616069571971049,0
1708583015, 372933794,138397120,4096,0.5841952349933046,0
1708583015, 372933794,138397128,4096,0.5751809714047097,0
1708583015, 372934867,138397136,4096,0.5368910438098585,0
1708583015, 372934867,138397144,4096,0.5687943517946417,0
1708583015, 372934867,138397152,4096,0.5136058628339926,0
1708583015, 372935941,138397160,4096,0.581214510200478,0
1708583015, 372935941,138397168,4096,0.5087131385603277,0
1708583015, 372937014,138397176,4096,0.5845195977989285,0
1708583015, 372942382,138397184,4096,0.5544437619746296,0
1708583015, 372943455,138397192,4096,0.5315742310830149,0
1708583015, 372943455,138397200,4096,0.5567614807228888,0
1708583015, 372943455,138397208,4096,0.48781971484977166,0
1708583015, 372943455,138397216,4096,0.4752932142587325,0
1708583015, 372944529,138397224,4096,0.664936424959087,0
1708583015, 372944529,138397232,4096,0.4592251402537632,0
1708583015, 372944529,138397240,4096,0.4515512235512513,0
1708583015, 372945602,138397248,4096,0.45785134517873227,0
1708583015, 372945602,138397256,4096,0.5646577456821337,0
1708583015, 372946676,138397264,4096,0.6187989442129115,0
1708583015, 372946676,138397272,4096,0.5648680232921893,0
1708583015, 372946676,138397280,4096,0.6233153677974681,0
1708583015, 372946676,138397288,4096,0.6088231405320932,0
1708583015, 372947749,138397296,4096,0.5420426403661548,0
1708583015, 372947749,138397304,4096,0.5354187993894545,0
1708583015, 372993910,138397312,4096,0.4974208508485015,0
1708583015, 372994983,138397320,4096,0.5337513238638014,0
1708583015, 372994983,138397328,4096,0.5686811470015225,0
1708583015, 372994983,138397336,4096,0.5070164894346845,0
1708583015, 372994983,138397344,4096,0.4795715775490762,0
1708583015, 372996057,138397352,4096,0.4805172214241044,0
1708583015, 372996057,138397360,4096,0.4795648608543612,0
1708583015, 372996057,138397368,4096,0.4782982369626442,0
1708583015, 372997130,138397376,4096,0.4789509938829171,0
1708583015, 372997130,138397384,4096,0.5091165993502519,0
1708583015, 372998204,138397392,4096,0.5627005050540044,0
1708583015, 372998204,138397400,4096,0.6107646786160335,0
1708583015, 372999277,138397408,4096,0.6632425779843076,0
1708583015, 372999277,138397416,4096,0.600992471610617,0
1708583015, 373000351,138397424,4096,0.6423617511398153,0
1708583015, 373000351,138397432,4096,0.6225519703582361,0
1708583015, 373006792,138397440,4096,0.647257745520536,0
1708583015, 373006792,138397448,4096,0.5844057635051452,0
1708583015, 373006792,138397456,4096,0.7280202147079408,0
1708583015, 373007865,138397464,4096,0.5746730161561622,0
1708583015, 373007865,138397472,4096,0.5695807651935825,0
1708583015, 373008939,138397480,4096,0.495613529084658,0
1708583015, 373008939,138397488,4096,0.6371774143822041,0
1708583015, 373008939,138397496,4096,0.5490261100147721,0
1708583015, 373010012,138397504,4096,0.4893238392429606,0
1708583015, 373010012,138397512,4096,0.6415980928688999,0
1708583015, 373010012,138397520,4096,0.5002867958712098,0
1708583015, 373010012,138397528,4096,0.6555421643467758,0
1708583015, 373011086,138397536,4096,0.482573176312798,0
1708583015, 373011086,138397544,4096,0.6391751646392946,0
1708583015, 373011086,138397552,4096,0.6439047992179564,0
1708583015, 373012159,138397560,4096,0.5602643884805657,0
1708583015, 373057246,138397568,4096,0.5028491831810475,0
1708583015, 373057246,138397576,4096,0.6002924537366078,0
1708583015, 373058320,138397584,4096,0.5317108548624447,0
1708583015, 373058320,138397592,4096,0.5111518387554822,0
1708583015, 373058320,138397600,4096,0.5228846515244485,0
1708583015, 373059393,138397608,4096,0.6832790832989141,0
1708583015, 373059393,138397616,4096,0.5174258303181524,0
1708583015, 373059393,138397624,4096,0.5638074747012131,0
1708583015, 373059393,138397632,4096,0.3892069733945624,0
1708583015, 373060467,138397640,4096,0.40874805216386717,0
1708583015, 373060467,138397648,4096,0.6519573147930541,0
1708583015, 373060467,138397656,4096,0.6744537391033657,0
1708583015, 373061540,138397664,4096,0.627965579495632,0
1708583015, 373061540,138397672,4096,0.725483221395726,0
1708583015, 373062614,138397680,4096,0.5626490093838137,0
1708583015, 373062614,138397688,4096,0.6183960373574884,0
1708583015, 373067981,138397696,4096,0.6031702888587399,0
1708583015, 373069055,138397704,4096,0.7179959473503795,0
1708583015, 373069055,138397712,4096,0.5754351647305848,0
1708583015, 373070128,138397720,4096,0.6126013288841757,0
1708583015, 373070128,138397728,4096,0.571536674149355,0
1708583015, 373071202,138397736,4096,0.6921297092271479,0
1708583015, 373071202,138397744,4096,0.6008574451961433,0
1708583015, 373071202,138397752,4096,0.39494751722755234,0
1708583015, 373072275,138397760,4096,0.41330817690074656,0
1708583015, 373072275,138397768,4096,0.41570981240090354,0
1708583015, 373073349,138397776,4096,0.4276050581226818,0
1708583015, 373073349,138397784,4096,0.42444295979942476,0
1708583015, 373074422,138397792,4096,0.42074075723959253,0
1708583015, 373074422,138397800,4096,0.42588948336029187,0
1708583015, 373074422,138397808,4096,0.43083472191780214,0
1708583015, 373075496,138397816,4096,0.3454606670258649,0
1708583015, 373124877,138397824,4096,0.36615780198122316,0
1708583015, 373124877,138397832,4096,0.35584727685649814,0
1708583015, 373124877,138397840,4096,0.3694190625637713,0
1708583015, 373125950,138397848,4096,0.36414919441232974,0
1708583015, 373125950,138397856,4096,0.34640698743682946,0
1708583015, 373125950,138397864,4096,0.36752610284451115,0
1708583015, 373125950,138397872,4096,0.4427089425401085,0
1708583015, 373127024,138397880,4096,0.4691076349740515,0
1708583015, 373127024,138397888,4096,0.4644628308827853,0
1708583015, 373128097,138397896,4096,0.46539870278335216,0
1708583015, 373128097,138397904,4096,0.4826396669244537,0
1708583015, 373129171,138397912,4096,0.4318967969633289,0
1708583015, 373129171,138397920,4096,0.44023798921775,0
1708583015, 373130244,138397928,4096,0.4695146489255511,0
1708583015, 373130244,138397936,4096,0.4809566129912653,0
1708583015, 373130244,138397944,4096,0.4276265900358095,0
1708583015, 373134538,138397952,4096,0.42632174948010504,0
1708583015, 373135612,138397960,4096,0.43877829032392524,0
1708583015, 373135612,138397968,4096,0.48153956839187406,0
1708583015, 373135612,138397976,4096,-0.0,0
1708583015, 373135612,138397984,4096,-0.0,0
1708583015, 373136685,138397992,4096,-0.0,0
1708583015, 373136685,138398000,4096,-0.0,0
1708583015, 373137759,138398008,4096,-0.0,0
1708583015, 373137759,138398016,4096,-0.0,0
1708583015, 373137759,138398024,4096,-0.0,0
1708583015, 373137759,138398032,4096,-0.0,0
1708583015, 373138832,138398040,4096,-0.0,0
1708583015, 373138832,138398048,4096,-0.0,0
1708583015, 373139906,138398056,4096,-0.0,0
1708583015, 373139906,138398064,4096,-0.0,0
1708583015, 373139906,138398072,4096,-0.0,0
1708583015, 373183919,138398080,4096,-0.0,0
1708583015, 373183919,138398088,4096,-0.0,0
1708583015, 373184993,138398096,4096,-0.0,0
1708583015, 373184993,138398104,4096,-0.0,0
1708583015, 373184993,138398112,4096,-0.0,0
1708583015, 373186066,138398120,4096,-0.0,0
1708583015, 373186066,138398128,4096,-0.0,0
1708583015, 373187140,138398136,4096,-0.0,0
1708583015, 373187140,138398144,4096,-0.0,0
1708583015, 373187140,138398152,4096,-0.0,0
1708583015, 373188213,138398160,4096,-0.0,0
1708583015, 373188213,138398168,4096,-0.0,0
1708583015, 373189287,138398176,4096,-0.0,0
1708583015, 373189287,138398184,4096,-0.0,0
1708583015, 373190360,138398192,4096,-0.0,0
1708583015, 373190360,138398200,4096,-0.0,0
1708583015, 373201095,138398208,4096,-0.0,0
1708583015, 373202169,138398216,4096,-0.0,0
1708583015, 373202169,138398224,4096,-0.0,0
1708583015, 373203242,138398232,4096,-0.0,0
1708583015, 373203242,138398240,4096,-0.0,0
1708583015, 373204316,138398248,4096,-0.0,0
1708583015, 373204316,138398256,4096,-0.0,0
1708583015, 373204316,138398264,4096,-0.0,0
1708583015, 373205389,138398272,4096,-0.0,0
1708583015, 373205389,138398280,4096,-0.0,0
1708583015, 373206463,138398288,4096,-0.0,0
1708583015, 373206463,138398296,4096,-0.0,0
1708583015, 373207536,138398304,4096,-0.0,0
1708583015, 373207536,138398312,4096,-0.0,0
1708583015, 373207536,138398320,4096,-0.0,0
1708583015, 373208610,138398328,4096,-0.0,0
1708583015, 373344944,138398336,4096,-0.0,0
1708583015, 373346018,138398344,4096,-0.0,0
1708583015, 373346018,138398352,4096,-0.0,0
1708583015, 373346018,138398360,4096,-0.0,0
1708583015, 373347091,138398368,4096,-0.0,0
1708583015, 373347091,138398376,4096,-0.0,0
1708583015, 373347091,138398384,4096,-0.0,0
1708583015, 373347091,138398392,4096,-0.0,0
1708583015, 373348165,138398400,4096,-0.0,0
1708583015, 373348165,138398408,4096,-0.0,0
1708583015, 373348165,138398416,4096,-0.0,0
1708583015, 373349238,138398424,4096,-0.0,0
1708583015, 373349238,138398432,4096,-0.0,0
1708583015, 373350312,138398440,4096,-0.0,0
1708583015, 373350312,138398448,4096,-0.0,0
1708583015, 373350312,138398456,4096,-0.0,0
1708583015, 373355679,138398464,4096,-0.0,0
1708583015, 373355679,138398472,4096,-0.0,0
1708583015, 373356753,138398480,4096,-0.0,0
1708583015, 373356753,138398488,4096,-0.0,0
1708583015, 373356753,138398496,4096,-0.0,0
1708583015, 373357826,138398504,4096,-0.0,0
1708583015, 373357826,138398512,4096,-0.0,0
1708583015, 373357826,138398520,4096,-0.0,0
1708583015, 373358900,138398528,4096,-0.0,0
1708583015, 373358900,138398536,4096,-0.0,0
1708583015, 373359973,138398544,4096,-0.0,0
1708583015, 373359973,138398552,4096,-0.0,0
1708583015, 373359973,138398560,4096,-0.0,0
1708583015, 373361047,138398568,4096,-0.0,0
1708583015, 373361047,138398576,4096,-0.0,0
1708583015, 373362120,138398584,4096,-0.0,0
1708583015, 373412575,138398592,4096,-0.0,0
1708583015, 373413648,138398600,4096,-0.0,0
1708583015, 373413648,138398608,4096,-0.0,0
1708583015, 373413648,138398616,4096,-0.0,0
1708583015, 373414722,138398624,4096,-0.0,0
1708583015, 373414722,138398632,4096,-0.0,0
1708583015, 373414722,138398640,4096,-0.0,0
1708583015, 373415795,138398648,4096,-0.0,0
1708583015, 373415795,138398656,4096,-0.0,0
1708583015, 373415795,138398664,4096,-0.0,0
1708583015, 373416869,138398672,4096,-0.0,0
1708583015, 373416869,138398680,4096,-0.0,0
1708583015, 373416869,138398688,4096,-0.0,0
1708583015, 373417942,138398696,4096,-0.0,0
1708583015, 373417942,138398704,4096,-0.0,0
1708583015, 373419016,138398712,4096,-0.0,0
1708583015, 373424383,138398720,4096,-0.0,0
1708583015, 373424383,138398728,4096,-0.0,0
1708583015, 373425457,138398736,4096,-0.0,0
1708583015, 373425457,138398744,4096,-0.0,0
1708583015, 373425457,138398752,4096,-0.0,0
1708583015, 373426530,138398760,4096,-0.0,0
1708583015, 373426530,138398768,4096,-0.0,0
1708583015, 373427604,138398776,4096,-0.0,0
1708583015, 373427604,138398784,4096,-0.0,0
1708583015, 373427604,138398792,4096,-0.0,0
1708583015, 373428677,138398800,4096,-0.0,0
1708583015, 373428677,138398808,4096,-0.0,0
1708583015, 373428677,138398816,4096,-0.0,0
1708583015, 373429751,138398824,4096,-0.0,0
1708583015, 373429751,138398832,4096,-0.0,0
1708583015, 373430824,138398840,4096,-0.0,0
1708583015, 375334140,138398848,4096,0.5760223461677609,0
1708583015, 375334140,138398856,4096,0.5505033826477439,0
1708583015, 375334140,138398864,4096,0.5174508907007332,0
1708583015, 375335213,138398872,4096,0.5331646607374418,0
1708583015, 375335213,138398880,4096,0.5696840865681261,0
1708583015, 375335213,138398888,4096,0.6290885486224591,0
1708583015, 375335213,138398896,4096,0.5879636982598071,0
1708583015, 375336287,138398904,4096,0.5972020210511103,0
1708583015, 375336287,138398912,4096,0.6052172415276653,0
1708583015, 375336287,138398920,4096,0.6299094973104975,0
1708583015, 375337360,138398928,4096,0.5938520052917721,0
1708583015, 375337360,138398936,4096,0.5873890246196556,0
1708583015, 375337360,138398944,4096,0.5904135934824222,0
1708583015, 375338434,138398952,4096,0.5876973640255341,0
1708583015, 375338434,138398960,4096,0.5957856179745429,0
1708583015, 375338434,138398968,4096,0.6200598451696051,0
1708583015, 375347022,138398976,4096,0.5185587212615196,0
1708583015, 375347022,138398984,4096,0.5726388298608149,0
1708583015, 375348095,138398992,4096,0.5647300278573215,0
1708583015, 375348095,138399000,4096,0.5934954155800596,0
1708583015, 375348095,138399008,4096,0.548802833621533,0
1708583015, 375349169,138399016,4096,0.5917362698278619,0
1708583015, 375349169,138399024,4096,0.5939174696516913,0
1708583015, 375349169,138399032,4096,0.5611815536577494,0
1708583015, 375350242,138399040,4096,0.5672868168008146,0
1708583015, 375350242,138399048,4096,0.5825074076475392,0
1708583015, 375350242,138399056,4096,0.5727536993010555,0
1708583015, 375350242,138399064,4096,0.5637983538891417,0
1708583015, 375351316,138399072,4096,0.5260714864494133,0
1708583015, 375351316,138399080,4096,0.4521535971181241,0
1708583015, 375351316,138399088,4096,0.6012233052382717,0
1708583015, 375352389,138399096,4096,0.5222202869742467,0
1708583015, 375400697,138399104,4096,0.6194171407052483,0
1708583015, 375401770,138399112,4096,0.5694608182939889,0
1708583015, 375401770,138399120,4096,0.5271133089481886,0
1708583015, 375401770,138399128,4096,0.4779785652559804,0
1708583015, 375401770,138399136,4096,0.46377366061882835,0
1708583015, 375402844,138399144,4096,0.5431727797853897,0
1708583015, 375402844,138399152,4096,0.5075741300939912,0
1708583015, 375403917,138399160,4096,0.5392641951623138,0
1708583015, 375403917,138399168,4096,0.560784397002025,0
1708583015, 375403917,138399176,4096,0.4764679967945298,0
1708583015, 375404991,138399184,4096,0.48061406806359724,0
1708583015, 375404991,138399192,4096,0.5476545095231217,0
1708583015, 375404991,138399200,4096,0.4955421486395336,0
1708583015, 375406064,138399208,4096,0.5204638190741471,0
1708583015, 375406064,138399216,4096,0.5713366713055085,0
1708583015, 375406064,138399224,4096,0.6105369814627017,0
1708583015, 375413579,138399232,4096,0.5267196198444146,0
1708583015, 375414652,138399240,4096,0.6412808438892652,0
1708583015, 375414652,138399248,4096,0.6377276895214663,0
1708583015, 375414652,138399256,4096,0.6167320353699507,0
1708583015, 375414652,138399264,4096,0.6204739385334329,0
1708583015, 375415726,138399272,4096,0.5317564555727413,0
1708583015, 375415726,138399280,4096,0.5750651785750124,0
1708583015, 375415726,138399288,4096,0.48062414578465984,0
1708583015, 375416799,138399296,4096,0.47940127069892785,0
1708583015, 375416799,138399304,4096,0.4747026031320002,0
1708583015, 375416799,138399312,4096,0.47737474345802533,0
1708583015, 375417873,138399320,4096,0.4830669735862113,0
1708583015, 375417873,138399328,4096,0.5540683288117035,0
1708583015, 375417873,138399336,4096,0.48008657102983204,0
1708583015, 375418946,138399344,4096,0.47879700681074977,0
1708583015, 375418946,138399352,4096,0.48276067204875156,0
1708583015, 375466180,138399360,4096,0.47674352031851613,0
1708583015, 375466180,138399368,4096,0.4752668443509192,0
1708583015, 375466180,138399376,4096,0.52709330761239,0
1708583015, 375466180,138399384,4096,0.6015870015827867,0
1708583015, 375467254,138399392,4096,0.6478736438785436,0
1708583015, 375467254,138399400,4096,0.6202046381072792,0
1708583015, 375467254,138399408,4096,0.6065018293805662,0
1708583015, 375468327,138399416,4096,0.6468509734508684,0
1708583015, 375468327,138399424,4096,0.6379879966794512,0
1708583015, 375468327,138399432,4096,0.6582768578274998,0
1708583015, 375469401,138399440,4096,0.7281005051826998,0
1708583015, 375469401,138399448,4096,0.6611390999800009,0
1708583015, 375469401,138399456,4096,0.6496373302961669,0
1708583015, 375470474,138399464,4096,0.5606506288590394,0
1708583015, 375470474,138399472,4096,0.6842708693852803,0
1708583015, 375470474,138399480,4096,0.5977921349480675,0
1708583015, 375477989,138399488,4096,0.589741440182395,0
1708583015, 375479062,138399496,4096,0.5717001824756962,0
1708583015, 375479062,138399504,4096,0.4763280019624118,0
1708583015, 375479062,138399512,4096,0.5229448068092986,0
1708583015, 375480136,138399520,4096,0.5488637828288437,0
1708583015, 375480136,138399528,4096,0.5197964910368581,0
1708583015, 375480136,138399536,4096,0.5213120637711418,0
1708583015, 375481209,138399544,4096,0.4890454625491383,0
1708583015, 375481209,138399552,4096,0.5876517847155002,0
1708583015, 375481209,138399560,4096,0.4643323053716836,0
1708583015, 375481209,138399568,4096,0.5358435155745221,0
1708583015, 375482283,138399576,4096,0.6328197139004036,0
1708583015, 375482283,138399584,4096,0.5033221671494896,0
1708583015, 375482283,138399592,4096,0.458983601375718,0
1708583015, 375483356,138399600,4096,0.6105055757964226,0
1708583015, 375483356,138399608,4096,0.6336903614553594,0
1708583015, 375530590,138399616,4096,0.4242785742244953,0
1708583015, 375530590,138399624,4096,0.4371135684964257,0
1708583015, 375530590,138399632,4096,0.4438310760449745,0
1708583015, 375531664,138399640,4096,0.4431082974914016,0
1708583015, 375531664,138399648,4096,0.5192153621752833,0
1708583015, 375531664,138399656,4096,0.4494766541630071,0
1708583015, 375531664,138399664,4096,0.41845367742170914,0
1708583015, 375532737,138399672,4096,0.4536306806032962,0
1708583015, 375532737,138399680,4096,0.42153502414935207,0
1708583015, 375532737,138399688,4096,0.4177928938474246,0
1708583015, 375533811,138399696,4096,0.556082584360502,0
1708583015, 375533811,138399704,4096,0.6787182497136899,0
1708583015, 375533811,138399712,4096,0.5176742771985027,0
1708583015, 375534884,138399720,4096,0.47381415366494756,0
1708583015, 375534884,138399728,4096,0.4513450687728972,0
1708583015, 375534884,138399736,4096,0.588247384297827,0
1708583015, 375542399,138399744,4096,0.6327214489461737,0
1708583015, 375543472,138399752,4096,0.4836269588532577,0
1708583015, 375543472,138399760,4096,0.511290920229341,0
1708583015, 375543472,138399768,4096,0.642159627797123,0
1708583015, 375544546,138399776,4096,0.5377832562414487,0
1708583015, 375544546,138399784,4096,0.4961395554541202,0
1708583015, 375545619,138399792,4096,0.4831536888153202,0
1708583015, 375545619,138399800,4096,0.4951061798623278,0
1708583015, 375545619,138399808,4096,0.5592026219095924,0
1708583015, 375546693,138399816,4096,0.5487344578304018,0
1708583015, 375546693,138399824,4096,0.42454814275689334,0
1708583015, 375546693,138399832,4096,0.4463485983626981,0
1708583015, 375547766,138399840,4096,0.4498266153175797,0
1708583015, 375547766,138399848,4096,0.5356286974569037,0
1708583015, 375547766,138399856,4096,0.6195277245835885,0
1708583015, 375547766,138399864,4096,0.6752945216138652,0
1708583015, 375591780,138399872,4096,0.41283557950386734,0
1708583015, 375592853,138399880,4096,-0.0,0
1708583015, 375592853,138399888,4096,-0.0,0
1708583015, 375592853,138399896,4096,-0.0,0
1708583015, 375592853,138399904,4096,-0.0,0
1708583015, 375593927,138399912,4096,-0.0,0
1708583015, 375593927,138399920,4096,-0.0,0
1708583015, 375593927,138399928,4096,-0.0,0
1708583015, 375595000,138399936,4096,-0.0,0
1708583015, 375595000,138399944,4096,-0.0,0
1708583015, 375595000,138399952,4096,-0.0,0
1708583015, 375596074,138399960,4096,-0.0,0
1708583015, 375596074,138399968,4096,-0.0,0
1708583015, 375596074,138399976,4096,-0.0,0
1708583015, 375597147,138399984,4096,-0.0,0
1708583015, 375597147,138399992,4096,-0.0,0
1708583015, 375602515,138400000,4096,-0.0,0
1708583015, 375602515,138400008,4096,-0.0,0
1708583015, 375602515,138400016,4096,-0.0,0
1708583015, 375603588,138400024,4096,-0.0,0
1708583015, 375603588,138400032,4096,-0.0,0
1708583015, 375603588,138400040,4096,-0.0,0
1708583015, 375604662,138400048,4096,-0.0,0
1708583015, 375604662,138400056,4096,-0.0,0
1708583015, 375605735,138400064,4096,-0.0,0
1708583015, 375605735,138400072,4096,-0.0,0
1708583015, 375605735,138400080,4096,-0.0,0
1708583015, 375606809,138400088,4096,-0.0,0
1708583015, 375606809,138400096,4096,-0.0,0
1708583015, 375607882,138400104,4096,-0.0,0
1708583015, 375607882,138400112,4096,-0.0,0
1708583015, 375607882,138400120,4096,-0.0,0
1708583015, 375656190,138400128,4096,-0.0,0
1708583015, 375656190,138400136,4096,-0.0,0
1708583015, 375657263,138400144,4096,-0.0,0
1708583015, 375657263,138400152,4096,-0.0,0
1708583015, 375657263,138400160,4096,-0.0,0
1708583015, 375658337,138400168,4096,-0.0,0
1708583015, 375658337,138400176,4096,-0.0,0
1708583015, 375659410,138400184,4096,-0.0,0
1708583015, 375659410,138400192,4096,-0.0,0
1708583015, 375659410,138400200,4096,-0.0,0
1708583015, 375660484,138400208,4096,-0.0,0
1708583015, 375660484,138400216,4096,-0.0,0
1708583015, 375660484,138400224,4096,-0.0,0
1708583015, 375661557,138400232,4096,-0.0,0
1708583015, 375662631,138400240,4096,-0.0,0
1708583015, 375662631,138400248,4096,-0.0,0
1708583015, 375673366,138400256,4096,-0.0,0
1708583015, 375674439,138400264,4096,-0.0,0
1708583015, 375674439,138400272,4096,-0.0,0
1708583015, 375675513,138400280,4096,-0.0,0
1708583015, 375675513,138400288,4096,-0.0,0
1708583015, 375675513,138400296,4096,-0.0,0
1708583015, 375676586,138400304,4096,-0.0,0
1708583015, 375676586,138400312,4096,-0.0,0
1708583015, 375677660,138400320,4096,-0.0,0
1708583015, 375677660,138400328,4096,-0.0,0
1708583015, 375678733,138400336,4096,-0.0,0
1708583015, 375678733,138400344,4096,-0.0,0
1708583015, 375678733,138400352,4096,-0.0,0
1708583015, 375679807,138400360,4096,-0.0,0
1708583015, 375679807,138400368,4096,-0.0,0
1708583015, 375679807,138400376,4096,-0.0,0
1708583015, 375820435,138400384,4096,-0.0,0
1708583015, 375821509,138400392,4096,-0.0,0
1708583015, 375821509,138400400,4096,-0.0,0
1708583015, 375821509,138400408,4096,-0.0,0
1708583015, 375822582,138400416,4096,-0.0,0
1708583015, 375822582,138400424,4096,-0.0,0
1708583015, 375822582,138400432,4096,-0.0,0
1708583015, 375822582,138400440,4096,-0.0,0
1708583015, 375823656,138400448,4096,-0.0,0
1708583015, 375823656,138400456,4096,-0.0,0
1708583015, 375823656,138400464,4096,-0.0,0
1708583015, 375824729,138400472,4096,-0.0,0
1708583015, 375824729,138400480,4096,-0.0,0
1708583015, 375824729,138400488,4096,-0.0,0
1708583015, 375825803,138400496,4096,-0.0,0
1708583015, 375825803,138400504,4096,-0.0,0
1708583015, 375832244,138400512,4096,-0.0,0
1708583015, 375832244,138400520,4096,-0.0,0
1708583015, 375832244,138400528,4096,-0.0,0
1708583015, 375833317,138400536,4096,-0.0,0
1708583015, 375833317,138400544,4096,-0.0,0
1708583015, 375833317,138400552,4096,-0.0,0
1708583015, 375834391,138400560,4096,-0.0,0
1708583015, 375834391,138400568,4096,-0.0,0
1708583015, 375835464,138400576,4096,-0.0,0
1708583015, 375835464,138400584,4096,-0.0,0
1708583015, 375836538,138400592,4096,-0.0,0
1708583015, 375836538,138400600,4096,-0.0,0
1708583015, 375836538,138400608,4096,-0.0,0
1708583015, 375837611,138400616,4096,-0.0,0
1708583015, 375837611,138400624,4096,-0.0,0
1708583015, 375837611,138400632,4096,-0.0,0
1708583015, 375886992,138400640,4096,-0.0,0
1708583015, 375886992,138400648,4096,-0.0,0
1708583015, 375888066,138400656,4096,-0.0,0
1708583015, 375888066,138400664,4096,-0.0,0
1708583015, 375888066,138400672,4096,-0.0,0
1708583015, 375889139,138400680,4096,-0.0,0
1708583015, 375889139,138400688,4096,-0.0,0
1708583015, 375889139,138400696,4096,-0.0,0
1708583015, 375890213,138400704,4096,-0.0,0
1708583015, 375890213,138400712,4096,-0.0,0
1708583015, 375891286,138400720,4096,-0.0,0
1708583015, 375891286,138400728,4096,-0.0,0
1708583015, 375891286,138400736,4096,-0.0,0
1708583015, 375892360,138400744,4096,-0.0,0
1708583015, 375892360,138400752,4096,-0.0,0
1708583015, 375892360,138400760,4096,-0.0,0
1708583015, 375897727,138400768,4096,-0.0,0
1708583015, 375898801,138400776,4096,-0.0,0
1708583015, 375898801,138400784,4096,-0.0,0
1708583015, 375899874,138400792,4096,-0.0,0
1708583015, 375899874,138400800,4096,-0.0,0
1708583015, 375899874,138400808,4096,-0.0,0
1708583015, 375900948,138400816,4096,-0.0,0
1708583015, 375900948,138400824,4096,-0.0,0
1708583015, 375902021,138400832,4096,-0.0,0
1708583015, 375902021,138400840,4096,-0.0,0
1708583015, 375902021,138400848,4096,-0.0,0
1708583015, 375903095,138400856,4096,-0.0,0
1708583015, 375903095,138400864,4096,-0.0,0
1708583015, 375903095,138400872,4096,-0.0,0
1708583015, 375904168,138400880,4096,-0.0,0
1708583015, 375904168,138400888,4096,-0.0,0
1708583015, 377813925,138400896,4096,0.566727412712065,0
1708583015, 377813925,138400904,4096,0.5910854177102254,0
1708583015, 377813925,138400912,4096,0.5512803849842627,0
1708583015, 377814998,138400920,4096,0.5034614481517127,0
1708583015, 377814998,138400928,4096,0.5842019342760947,0
1708583015, 377814998,138400936,4096,0.5258881608231676,0
1708583015, 377816072,138400944,4096,0.576901278991934,0
1708583015, 377816072,138400952,4096,0.586301387219808,0
1708583015, 377816072,138400960,4096,0.5869221656256589,0
1708583015, 377817145,138400968,4096,0.5538701258987703,0
1708583015, 377817145,138400976,4096,0.5706492004308841,0
1708583015, 377817145,138400984,4096,0.6048751711071328,0
1708583015, 377875114,117569504,4096,0.606959058177667,0
1708583015, 377875114,117569512,4096,0.5523194418387269,0
1708583015, 377875114,117569520,4096,0.5677390913575505,0
1708583015, 377876188,117569528,4096,0.5182044248364145,0
1708583015, 377876188,117569536,4096,0.598824282735861,0
1708583015, 377876188,117569544,4096,0.5153246915744228,0
1708583015, 377876188,117569552,4096,0.41140876508382684,0
1708583015, 377877261,117569560,4096,0.5182169321508371,0
1708583015, 377877261,117569568,4096,0.4987853567022398,0
1708583015, 377877261,117569576,4096,0.5606088692714254,0
1708583015, 377878335,117569584,4096,0.5474169921601127,0
1708583015, 377878335,117569592,4096,0.4965482273807975,0
1708583015, 377879408,117569600,4096,0.49519522941429717,0
1708583015, 377879408,117569608,4096,0.6148376806094769,0
1708583015, 377879408,117569616,4096,0.4655950131478706,0
1708583015, 377880482,117569624,4096,0.5273795637615374,0
1708583015, 377885849,117569632,4096,0.5461779527922,0
1708583015, 377886923,117569640,4096,0.5093798433198095,0
1708583015, 377886923,117569648,4096,0.48643368444375396,0
1708583015, 377886923,117569656,4096,0.5706633309326384,0
1708583015, 377887996,117569664,4096,0.5306028765414919,0
1708583015, 377887996,117569672,4096,0.4943596210868597,0
1708583015, 377889070,117569680,4096,0.4955940676204602,0
1708583015, 377889070,117569688,4096,0.4949304091243163,0
1708583015, 377889070,117569696,4096,0.4821020878828489,0
1708583015, 377890143,117569704,4096,0.493988613012848,0
1708583015, 377890143,117569712,4096,0.4902525274040179,0
1708583015, 377891217,117569720,4096,0.5182263025326663,0
1708583015, 377891217,117569728,4096,0.5606447878277302,0
1708583015, 377891217,117569736,4096,0.5270725642113707,0
1708583015, 377892290,117569744,4096,0.5483032589658922,0
1708583015, 377892290,117569752,4096,0.3652274633552137,0
1708583015, 377940598,117569760,4096,0.39186055249056206,0
1708583015, 377940598,117569768,4096,0.49560996465012386,0
1708583015, 377940598,117569776,4096,0.48015179200019026,0
1708583015, 377940598,117569784,4096,0.47454745626333494,0
1708583015, 377941671,117569792,4096,0.4885443767471202,0
1708583015, 377941671,117569800,4096,0.4773916603326193,0
1708583015, 377941671,117569808,4096,0.4786263697192782,0
1708583015, 377942745,117569816,4096,0.48997861943498877,0
1708583015, 377942745,117569824,4096,0.5122984501676329,0
1708583015, 377942745,117569832,4096,0.47716701729878314,0
1708583015, 377943818,117569840,4096,0.4776404693549219,0
1708583015, 377943818,117569848,4096,0.496041180291546,0
1708583015, 377943818,117569856,4096,0.47623660828475417,0
1708583015, 377943818,117569864,4096,0.4771199798578424,0
1708583015, 377944892,117569872,4096,0.5309095008301182,0
1708583015, 377944892,117569880,4096,0.5638412156095236,0
1708583015, 377952406,117569888,4096,0.48203594359124197,0
1708583015, 377952406,117569896,4096,0.47818587191364037,0
1708583015, 377953480,117569904,4096,0.5455946169545164,0
1708583015, 377953480,117569912,4096,0.4403830665336966,0
1708583015, 377954553,117569920,4096,0.5111652898863301,0
1708583015, 377954553,117569928,4096,0.47844836694048654,0
1708583015, 377954553,117569936,4096,0.4789614901195334,0
1708583015, 377955627,117569944,4096,0.5338054576384261,0
1708583015, 377955627,117569952,4096,0.6184564394076514,0
1708583015, 377955627,117569960,4096,0.605075452779724,0
1708583015, 377956700,117569968,4096,0.5771378631057091,0
1708583015, 377956700,117569976,4096,0.6098604143346108,0
1708583015, 377956700,117569984,4096,0.6697829315756917,0
1708583015, 377956700,117569992,4096,0.5007211012951329,0
1708583015, 377957774,117570000,4096,0.4901701611935155,0
1708583015, 377957774,117570008,4096,0.7140530394781995,0
1708583015, 377989979,117570016,4096,0.6260788886068979,0
1708583015, 377991052,117570024,4096,0.545661716863027,0
1708583015, 377991052,117570032,4096,0.5873674312731659,0
1708583015, 377992126,117570040,4096,0.6450743064010858,0
1708583015, 377992126,117570048,4096,0.6225910370152334,0
1708583015, 377993199,117570056,4096,0.6143231556787907,0
1708583015, 377994273,117570064,4096,0.5168098129568692,0
1708583015, 377995346,117570072,4096,0.6300641737782163,0
1708583015, 377996420,117570080,4096,0.599234498036066,0
1708583015, 377997493,117570088,4096,0.6393834514463117,0
1708583015, 377997493,117570096,4096,0.6328206008050149,0
1708583015, 377997493,117570104,4096,0.6121688095060199,0
1708583015, 377998567,117570112,4096,0.628272805842788,0
1708583015, 377998567,117570120,4096,0.6081040622275975,0
1708583015, 377998567,117570128,4096,0.6132650049028554,0
1708583015, 377999640,117570136,4096,0.4794658302835613,0
1708583015, 378005008,117570144,4096,0.48423713767395793,0
1708583015, 378006081,117570152,4096,0.6129340616676101,0
1708583015, 378006081,117570160,4096,0.6539276341536899,0
1708583015, 378006081,117570168,4096,0.47695440873117073,0
1708583015, 378007155,117570176,4096,0.5215320754529669,0
1708583015, 378007155,117570184,4096,0.6439390238329777,0
1708583015, 378008228,117570192,4096,0.505273067342712,0
1708583015, 378008228,117570200,4096,0.5099882358260704,0
1708583015, 378008228,117570208,4096,0.509273055148872,0
1708583015, 378009302,117570216,4096,0.47303519216550577,0
1708583015, 378009302,117570224,4096,0.4320855908619745,0
1708583015, 378010375,117570232,4096,0.6847217868167426,0
1708583015, 378010375,117570240,4096,0.5519333508556499,0
1708583015, 378010375,117570248,4096,0.46557315239683944,0
1708583015, 378011449,117570256,4096,0.6860822170207792,0
1708583015, 378011449,117570264,4096,0.5544876088885282,0
1708583015, 378156371,117570272,4096,0.48516916483781164,0
1708583015, 378156371,117570280,4096,0.48274193294451023,0
1708583015, 378157445,117570288,4096,0.5411491039502184,0
1708583015, 378157445,117570296,4096,0.484116705368405,0
1708583015, 378158518,117570304,4096,0.48243255712036415,0
1708583015, 378158518,117570312,4096,0.480835348365947,0
1708583015, 378158518,117570320,4096,0.5018568891628112,0
1708583015, 378158518,117570328,4096,0.510674268969543,0
1708583015, 378159592,117570336,4096,0.4969296297987403,0
1708583015, 378159592,117570344,4096,0.7201888436708828,0
1708583015, 378159592,117570352,4096,0.6274472221588773,0
1708583015, 378160665,117570360,4096,0.540780647045694,0
1708583015, 378160665,117570368,4096,0.5493131438824708,0
1708583015, 378160665,117570376,4096,0.5609997489513835,0
1708583015, 378161739,117570384,4096,0.6043467029535253,0
1708583015, 378161739,117570392,4096,0.6594260597122126,0
1708583015, 378170327,117570400,4096,0.5820991762374145,0
1708583015, 378170327,117570408,4096,0.5444271783576851,0
1708583015, 378170327,117570416,4096,0.5097275644204641,0
1708583015, 378171400,117570424,4096,0.523569707923497,0
1708583015, 378171400,117570432,4096,0.6387471828841447,0
1708583015, 378172474,117570440,4096,0.6221783955826975,0
1708583015, 378172474,117570448,4096,0.5097880981650365,0
1708583015, 378173547,117570456,4096,0.5436888477685767,0
1708583015, 378173547,117570464,4096,0.5199839530749656,0
1708583015, 378174621,117570472,4096,0.6148207837516888,0
1708583015, 378174621,117570480,4096,0.45849550016812896,0
1708583015, 378174621,117570488,4096,0.45235095423120736,0
1708583015, 378175694,117570496,4096,0.45629969737336684,0
1708583015, 378175694,117570504,4096,0.6785658008167245,0
1708583015, 378176768,117570512,4096,0.619591253751237,0
1708583015, 378176768,117570520,4096,0.4825767428355353,0
1708583015, 378227222,117570528,4096,0.6444535945746838,0
1708583015, 378228296,117570536,4096,0.5199558899735115,0
1708583015, 378228296,117570544,4096,0.588224733882912,0
1708583015, 378229369,117570552,4096,0.7254145594702449,0
1708583015, 378229369,117570560,4096,0.6333719933747388,0
1708583015, 378229369,117570568,4096,0.6653108299935618,0
1708583015, 378230443,117570576,4096,0.6464873198663281,0
1708583015, 378230443,117570584,4096,0.6704755259765097,0
1708583015, 378230443,117570592,4096,0.5256582249392301,0
1708583015, 378231516,117570600,4096,0.43327940997502956,0
1708583015, 378231516,117570608,4096,0.43837950369729334,0
1708583015, 378231516,117570616,4096,0.4328229552737723,0
1708583015, 378232590,117570624,4096,0.4374860879052785,0
1708583015, 378232590,117570632,4096,0.5040739228531452,0
1708583015, 378232590,117570640,4096,0.031405351534128975,0
1708583015, 378233663,117570648,4096,-0.0,0
1708583015, 378237957,117570656,4096,-0.0,0
1708583015, 378239031,117570664,4096,-0.0,0
1708583015, 378239031,117570672,4096,-0.0,0
1708583015, 378240104,117570680,4096,-0.0,0
1708583015, 378240104,117570688,4096,-0.0,0
1708583015, 378241178,117570696,4096,-0.0,0
1708583015, 378241178,117570704,4096,-0.0,0
1708583015, 378241178,117570712,4096,-0.0,0
1708583015, 378241178,117570720,4096,-0.0,0
1708583015, 378242251,117570728,4096,-0.0,0
1708583015, 378242251,117570736,4096,-0.0,0
1708583015, 378242251,117570744,4096,-0.0,0
1708583015, 378243325,117570752,4096,-0.0,0
1708583015, 378243325,117570760,4096,-0.0,0
1708583015, 378243325,117570768,4096,-0.0,0
1708583015, 378244398,117570776,4096,-0.0,0
1708583015, 378283044,117570784,4096,-0.0,0
1708583015, 378283044,117570792,4096,-0.0,0
1708583015, 378284118,117570800,4096,-0.0,0
1708583015, 378284118,117570808,4096,-0.0,0
1708583015, 378284118,117570816,4096,-0.0,0
1708583015, 378285191,117570824,4096,-0.0,0
1708583015, 378285191,117570832,4096,-0.0,0
1708583015, 378285191,117570840,4096,-0.0,0
1708583015, 378286265,117570848,4096,-0.0,0
1708583015, 378286265,117570856,4096,-0.0,0
1708583015, 378286265,117570864,4096,-0.0,0
1708583015, 378287338,117570872,4096,-0.0,0
1708583015, 378287338,117570880,4096,-0.0,0
1708583015, 378287338,117570888,4096,-0.0,0
1708583015, 378288412,117570896,4096,-0.0,0
1708583015, 378288412,117570904,4096,-0.0,0
1708583015, 378299147,117570912,4096,-0.0,0
1708583015, 378299147,117570920,4096,-0.0,0
1708583015, 378299147,117570928,4096,-0.0,0
1708583015, 378300220,117570936,4096,-0.0,0
1708583015, 378300220,117570944,4096,-0.0,0
1708583015, 378300220,117570952,4096,-0.0,0
1708583015, 378300220,117570960,4096,-0.0,0
1708583015, 378301294,117570968,4096,-0.0,0
1708583015, 378301294,117570976,4096,-0.0,0
1708583015, 378301294,117570984,4096,-0.0,0
1708583015, 378302367,117570992,4096,-0.0,0
1708583015, 378302367,117571000,4096,-0.0,0
1708583015, 378302367,117571008,4096,-0.0,0
1708583015, 378303441,117571016,4096,-0.0,0
1708583015, 378303441,117571024,4096,-0.0,0
1708583015, 378304514,117571032,4096,-0.0,0
1708583015, 378460172,117571040,4096,-0.0,0
1708583015, 378460172,117571048,4096,-0.0,0
1708583015, 378461245,117571056,4096,-0.0,0
1708583015, 378461245,117571064,4096,-0.0,0
1708583015, 378461245,117571072,4096,-0.0,0
1708583015, 378462319,117571080,4096,-0.0,0
1708583015, 378462319,117571088,4096,-0.0,0
1708583015, 378462319,117571096,4096,-0.0,0
1708583015, 378463392,117571104,4096,-0.0,0
1708583015, 378463392,117571112,4096,-0.0,0
1708583015, 378463392,117571120,4096,-0.0,0
1708583015, 378464466,117571128,4096,-0.0,0
1708583015, 378464466,117571136,4096,-0.0,0
1708583015, 378465539,117571144,4096,-0.0,0
1708583015, 378465539,117571152,4096,-0.0,0
1708583015, 378465539,117571160,4096,-0.0,0
1708583015, 378470907,117571168,4096,-0.0,0
1708583015, 378470907,117571176,4096,-0.0,0
1708583015, 378471980,117571184,4096,-0.0,0
1708583015, 378471980,117571192,4096,-0.0,0
1708583015, 378471980,117571200,4096,-0.0,0
1708583015, 378473054,117571208,4096,-0.0,0
1708583015, 378473054,117571216,4096,-0.0,0
1708583015, 378473054,117571224,4096,-0.0,0
1708583015, 378474127,117571232,4096,-0.0,0
1708583015, 378474127,117571240,4096,-0.0,0
1708583015, 378475201,117571248,4096,-0.0,0
1708583015, 378475201,117571256,4096,-0.0,0
1708583015, 378475201,117571264,4096,-0.0,0
1708583015, 378476274,117571272,4096,-0.0,0
1708583015, 378476274,117571280,4096,-0.0,0
1708583015, 378477348,117571288,4096,-0.0,0
1708583015, 378520288,117571296,4096,-0.0,0
1708583015, 378520288,117571304,4096,-0.0,0
1708583015, 378521361,117571312,4096,-0.0,0
1708583015, 378521361,117571320,4096,-0.0,0
1708583015, 378522435,117571328,4096,-0.0,0
1708583015, 378522435,117571336,4096,-0.0,0
1708583015, 378523508,117571344,4096,-0.0,0
1708583015, 378523508,117571352,4096,-0.0,0
1708583015, 378523508,117571360,4096,-0.0,0
1708583015, 378524582,117571368,4096,-0.0,0
1708583015, 378524582,117571376,4096,-0.0,0
1708583015, 378524582,117571384,4096,-0.0,0
1708583015, 378525655,117571392,4096,-0.0,0
1708583015, 378525655,117571400,4096,-0.0,0
1708583015, 378526729,117571408,4096,-0.0,0
1708583015, 378526729,117571416,4096,-0.0,0
1708583015, 378527802,117571424,4096,-0.0,0
1708583015, 378527802,117571432,4096,-0.0,0
1708583015, 378527802,117571440,4096,-0.0,0
1708583015, 378528876,117571448,4096,-0.0,0
1708583015, 380227153,117571456,4096,0.4761740896446211,0
1708583015, 380227153,117571464,4096,0.4535883065939128,0
1708583015, 380228226,117571472,4096,0.4794893950542334,0
1708583015, 380228226,117571480,4096,0.43312904162831617,0
1708583015, 380228226,117571488,4096,0.4407730312241021,0
1708583015, 380229300,117571496,4096,0.48596189712072546,0
1708583015, 380229300,117571504,4096,0.4440556686318836,0
1708583015, 380229300,117571512,4096,0.4729828831917492,0
1708583015, 380230373,117571520,4096,0.46164600805953854,0
1708583015, 380230373,117571528,4096,0.4483470572221456,0
1708583015, 380230373,117571536,4096,0.4477908726187573,0
1708583015, 380231447,117571544,4096,0.47635191825813483,0
1708583015, 380231447,117571552,4096,0.4615391787526942,0
1708583015, 380231447,117571560,4096,0.4738017514983105,0
1708583015, 380232520,117571568,4096,0.4437710339526349,0
1708583015, 380232520,117571576,4096,0.48352388129967044,0
1708583015, 380238961,117571584,4096,0.4683493169550721,0
1708583015, 380238961,117571592,4096,0.48215677505986343,0
1708583015, 380240035,117571600,4096,0.42776486098938143,0
1708583015, 380240035,117571608,4096,0.43310404069759817,0
1708583015, 380240035,117571616,4096,0.439558399434892,0
1708583015, 380240035,117571624,4096,0.4733145007051892,0
1708583015, 380241108,117571632,4096,0.435011192764281,0
1708583015, 380241108,117571640,4096,0.43901314221465726,0
1708583015, 380241108,117571648,4096,0.49325414490211156,0
1708583015, 380242182,117571656,4096,0.4546123570438953,0
1708583015, 380242182,117571664,4096,0.45424237195810063,0
1708583015, 380242182,117571672,4096,0.4578941914761235,0
1708583015, 380243255,117571680,4096,0.46749566224257244,0
1708583015, 380243255,117571688,4096,0.43865821468263505,0
1708583015, 380243255,117571696,4096,0.4759266128877787,0
1708583015, 380244329,117571704,4096,0.4357917206118918,0
1708583015, 380291563,117571712,4096,0.4356322887240159,0
1708583015, 380291563,117571720,4096,0.44254654742068256,0
1708583015, 380292636,117571728,4096,0.49657275662857914,0
1708583015, 380292636,117571736,4096,0.4369171638350161,0
1708583015, 380293710,117571744,4096,0.4732746315321303,0
1708583015, 380293710,117571752,4096,0.4347761088750947,0
1708583015, 380293710,117571760,4096,0.4357608967822196,0
1708583015, 380294783,117571768,4096,0.48281950409043645,0
1708583015, 380294783,117571776,4096,0.44177709894325223,0
1708583015, 380295857,117571784,4096,0.43875440765637536,0
1708583015, 380295857,117571792,4096,0.4852395281507654,0
1708583015, 380295857,117571800,4096,0.4620244732482709,0
1708583015, 380296930,117571808,4096,0.4573501812394478,0
1708583015, 380296930,117571816,4096,0.43306650088462645,0
1708583015, 380298004,117571824,4096,0.4426894546812957,0
1708583015, 380298004,117571832,4096,0.4828764507181086,0
1708583015, 380303371,117571840,4096,0.4480503174867691,0
1708583015, 380304445,117571848,4096,0.4383344834935223,0
1708583015, 380304445,117571856,4096,0.44105316075412676,0
1708583015, 380304445,117571864,4096,0.4807207459991928,0
1708583015, 380305518,117571872,4096,0.44190184342495825,0
1708583015, 380305518,117571880,4096,0.4722194864589537,0
1708583015, 380306592,117571888,4096,0.44000340085654854,0
1708583015, 380306592,117571896,4096,0.43624483735056985,0
1708583015, 380307665,117571904,4096,0.44257569748883546,0
1708583015, 380307665,117571912,4096,0.48232851159706924,0
1708583015, 380307665,117571920,4096,0.46031472932857453,0
1708583015, 380308739,117571928,4096,0.4855824097873916,0
1708583015, 380308739,117571936,4096,0.4380448202691183,0
1708583015, 380309812,117571944,4096,0.4277274810044344,0
1708583015, 380309812,117571952,4096,0.440945068463642,0
1708583015, 380309812,117571960,4096,0.4806639848166778,0
1708583015, 380355973,117571968,4096,0.47744049857958737,0
1708583015, 380355973,117571976,4096,0.47414142719311964,0
1708583015, 380355973,117571984,4096,0.46940161229472077,0
1708583015, 380355973,117571992,4096,0.4270461507806468,0
1708583015, 380357046,117572000,4096,0.44257446106441695,0
1708583015, 380357046,117572008,4096,0.46620622739234074,0
1708583015, 380357046,117572016,4096,0.42893244317331697,0
1708583015, 380358120,117572024,4096,0.4405574659516677,0
1708583015, 380358120,117572032,4096,0.4807736219875624,0
1708583015, 380358120,117572040,4096,0.43303939238026373,0
1708583015, 380359193,117572048,4096,0.433349498641895,0
1708583015, 380359193,117572056,4096,0.4377985819111935,0
1708583015, 380360267,117572064,4096,0.48562683293086883,0
1708583015, 380360267,117572072,4096,0.4325474203342813,0
1708583015, 380360267,117572080,4096,0.44053197639032216,0
1708583015, 380361340,117572088,4096,0.4859466694763091,0
1708583015, 380366708,117572096,4096,0.43131320344083873,0
1708583015, 380367781,117572104,4096,0.43319576116515923,0
1708583015, 380367781,117572112,4096,0.4381860297625882,0
1708583015, 380367781,117572120,4096,0.48071881988679294,0
1708583015, 380368855,117572128,4096,0.43353042969164324,0
1708583015, 380368855,117572136,4096,0.46185175814101065,0
1708583015, 380369928,117572144,4096,0.4720846235616899,0
1708583015, 380369928,117572152,4096,0.43158995255288185,0
1708583015, 380369928,117572160,4096,0.4415107431484857,0
1708583015, 380371002,117572168,4096,0.4723074889202401,0
1708583015, 380371002,117572176,4096,0.4659911524689354,0
1708583015, 380371002,117572184,4096,0.42846954668031356,0
1708583015, 380372075,117572192,4096,0.4323075473275816,0
1708583015, 380372075,117572200,4096,0.4771928229165701,0
1708583015, 380372075,117572208,4096,0.4409447497443982,0
1708583015, 380373149,117572216,4096,0.47147102299901783,0
1708583015, 380416089,117572224,4096,0.43318122601923365,0
1708583015, 380417162,117572232,4096,0.4398765720839837,0
1708583015, 380417162,117572240,4096,0.48151301610363095,0
1708583015, 380417162,117572248,4096,0.450704061327239,0
1708583015, 380417162,117572256,4096,0.4712707169231955,0
1708583015, 380418236,117572264,4096,0.44406246606889066,0
1708583015, 380418236,117572272,4096,0.4654763466523936,0
1708583015, 380418236,117572280,4096,0.4576874545069057,0
1708583015, 380419309,117572288,4096,0.45042291146524027,0
1708583015, 380419309,117572296,4096,0.4485673478002395,0
1708583015, 380419309,117572304,4096,0.4717250424498165,0
1708583015, 380420383,117572312,4096,0.42968749111388344,0
1708583015, 380420383,117572320,4096,0.43443774435891847,0
1708583015, 380420383,117572328,4096,0.4321463545432132,0
1708583015, 380421456,117572336,4096,0.4313848595277816,0
1708583015, 380421456,117572344,4096,0.4386875178341899,0
1708583015, 380425750,117572352,4096,0.43754470939028695,0
1708583015, 380425750,117572360,4096,0.4285012772086285,0
1708583015, 380426824,117572368,4096,0.43100292695470727,0
1708583015, 380426824,117572376,4096,0.4348494663159987,0
1708583015, 380426824,117572384,4096,0.4419722256550298,0
1708583015, 380427897,117572392,4096,0.4598779085101785,0
1708583015, 380427897,117572400,4096,0.4613485825364646,0
1708583015, 380428971,117572408,4096,0.43567115130450285,0
1708583015, 380428971,117572416,4096,0.4409190259989896,0
1708583015, 380428971,117572424,4096,0.3351170859017133,0
1708583015, 380428971,117572432,4096,-0.0,0
1708583015, 380430044,117572440,4096,-0.0,0
1708583015, 380430044,117572448,4096,-0.0,0
1708583015, 380430044,117572456,4096,-0.0,0
1708583015, 380431118,117572464,4096,-0.0,0
1708583015, 380431118,117572472,4096,-0.0,0
1708583015, 380475131,117572480,4096,-0.0,0
1708583015, 380476205,117572488,4096,-0.0,0
1708583015, 380476205,117572496,4096,-0.0,0
1708583015, 380476205,117572504,4096,-0.0,0
1708583015, 380476205,117572512,4096,-0.0,0
1708583015, 380477278,117572520,4096,-0.0,0
1708583015, 380477278,117572528,4096,-0.0,0
1708583015, 380477278,117572536,4096,-0.0,0
1708583015, 380478352,117572544,4096,-0.0,0
1708583015, 380478352,117572552,4096,-0.0,0
1708583015, 380478352,117572560,4096,-0.0,0
1708583015, 380479425,117572568,4096,-0.0,0
1708583015, 380479425,117572576,4096,-0.0,0
1708583015, 380479425,117572584,4096,-0.0,0
1708583015, 380479425,117572592,4096,-0.0,0
1708583015, 380480499,117572600,4096,-0.0,0
1708583015, 380484793,117572608,4096,-0.0,0
1708583015, 380484793,117572616,4096,-0.0,0
1708583015, 380485866,117572624,4096,-0.0,0
1708583015, 380485866,117572632,4096,-0.0,0
1708583015, 380486940,117572640,4096,-0.0,0
1708583015, 380486940,117572648,4096,-0.0,0
1708583015, 380486940,117572656,4096,-0.0,0
1708583015, 380488013,117572664,4096,-0.0,0
1708583015, 380488013,117572672,4096,-0.0,0
1708583015, 380489087,117572680,4096,-0.0,0
1708583015, 380489087,117572688,4096,-0.0,0
1708583015, 380490160,117572696,4096,-0.0,0
1708583015, 380490160,117572704,4096,-0.0,0
1708583015, 380490160,117572712,4096,-0.0,0
1708583015, 380491234,117572720,4096,-0.0,0
1708583015, 380491234,117572728,4096,-0.0,0
1708583015, 380541688,117572736,4096,-0.0,0
1708583015, 380541688,117572744,4096,-0.0,0
1708583015, 380542762,117572752,4096,-0.0,0
1708583015, 380543835,117572760,4096,-0.0,0
1708583015, 380543835,117572768,4096,-0.0,0
1708583015, 380544909,117572776,4096,-0.0,0
1708583015, 380544909,117572784,4096,-0.0,0
1708583015, 380545982,117572792,4096,-0.0,0
1708583015, 380545982,117572800,4096,-0.0,0
1708583015, 380547056,117572808,4096,-0.0,0
1708583015, 380547056,117572816,4096,-0.0,0
1708583015, 380548129,117572824,4096,-0.0,0
1708583015, 380549203,117572832,4096,-0.0,0
1708583015, 380549203,117572840,4096,-0.0,0
1708583015, 380549203,117572848,4096,-0.0,0
1708583015, 380550276,117572856,4096,-0.0,0
1708583015, 380561011,117572864,4096,-0.0,0
1708583015, 380561011,117572872,4096,-0.0,0
1708583015, 380561011,117572880,4096,-0.0,0
1708583015, 380562085,117572888,4096,-0.0,0
1708583015, 380563158,117572896,4096,-0.0,0
1708583015, 380563158,117572904,4096,-0.0,0
1708583015, 380564232,117572912,4096,-0.0,0
1708583015, 380564232,117572920,4096,-0.0,0
1708583015, 380565305,117572928,4096,-0.0,0
1708583015, 380566379,117572936,4096,-0.0,0
1708583015, 380566379,117572944,4096,-0.0,0
1708583015, 380566379,117572952,4096,-0.0,0
1708583015, 380567452,117572960,4096,-0.0,0
1708583015, 380567452,117572968,4096,-0.0,0
1708583015, 380568526,117572976,4096,-0.0,0
1708583015, 380568526,117572984,4096,-0.0,0
1708583015, 380705934,117572992,4096,-0.0,0
1708583015, 380705934,117573000,4096,-0.0,0
1708583015, 380707007,117573008,4096,-0.0,0
1708583015, 380707007,117573016,4096,-0.0,0
1708583015, 380708081,117573024,4096,-0.0,0
1708583015, 380708081,117573032,4096,-0.0,0
1708583015, 380708081,117573040,4096,-0.0,0
1708583015, 380709154,117573048,4096,-0.0,0
1708583015, 380709154,117573056,4096,-0.0,0
1708583015, 380709154,117573064,4096,-0.0,0
1708583015, 380710228,117573072,4096,-0.0,0
1708583015, 380710228,117573080,4096,-0.0,0
1708583015, 380710228,117573088,4096,-0.0,0
1708583015, 380711301,117573096,4096,-0.0,0
1708583015, 380711301,117573104,4096,-0.0,0
1708583015, 380711301,117573112,4096,-0.0,0
1708583015, 380716669,117573120,4096,-0.0,0
1708583015, 380716669,117573128,4096,-0.0,0
1708583015, 380717742,117573136,4096,-0.0,0
1708583015, 380717742,117573144,4096,-0.0,0
1708583015, 380718816,117573152,4096,-0.0,0
1708583015, 380718816,117573160,4096,-0.0,0
1708583015, 380718816,117573168,4096,-0.0,0
1708583015, 380719889,117573176,4096,-0.0,0
1708583015, 380719889,117573184,4096,-0.0,0
1708583015, 380720963,117573192,4096,-0.0,0
1708583015, 380720963,117573200,4096,-0.0,0
1708583015, 380720963,117573208,4096,-0.0,0
1708583015, 380722036,117573216,4096,-0.0,0
1708583015, 380722036,117573224,4096,-0.0,0
1708583015, 380723110,117573232,4096,-0.0,0
1708583015, 380723110,117573240,4096,-0.0,0
1708583015, 380772491,117573248,4096,-0.0,0
1708583015, 380772491,117573256,4096,-0.0,0
1708583015, 380773564,117573264,4096,-0.0,0
1708583015, 380773564,117573272,4096,-0.0,0
1708583015, 380774638,117573280,4096,-0.0,0
1708583015, 380774638,117573288,4096,-0.0,0
1708583015, 380775711,117573296,4096,-0.0,0
1708583015, 380775711,117573304,4096,-0.0,0
1708583015, 380775711,117573312,4096,-0.0,0
1708583015, 380776785,117573320,4096,-0.0,0
1708583015, 380776785,117573328,4096,-0.0,0
1708583015, 380777858,117573336,4096,-0.0,0
1708583015, 380777858,117573344,4096,-0.0,0
1708583015, 380777858,117573352,4096,-0.0,0
1708583015, 380778932,117573360,4096,-0.0,0
1708583015, 380778932,117573368,4096,-0.0,0
1708583015, 380785373,117573376,4096,-0.0,0
1708583015, 380785373,117573384,4096,-0.0,0
1708583015, 380786446,117573392,4096,-0.0,0
1708583015, 380786446,117573400,4096,-0.0,0
1708583015, 380787520,117573408,4096,-0.0,0
1708583015, 380787520,117573416,4096,-0.0,0
1708583015, 380787520,117573424,4096,-0.0,0
1708583015, 380788593,117573432,4096,-0.0,0
1708583015, 380788593,117573440,4096,-0.0,0
1708583015, 380789667,117573448,4096,-0.0,0
1708583015, 380789667,117573456,4096,-0.0,0
1708583015, 380789667,117573464,4096,-0.0,0
1708583015, 380790740,117573472,4096,-0.0,0
1708583015, 380791814,117573480,4096,-0.0,0
1708583015, 380791814,117573488,4096,-0.0,0
1708583015, 380791814,117573496,4096,-0.0,0
1708583015, 382667218,117573504,4096,0.5752950653108932,0
1708583015, 382668292,117573512,4096,0.6564382716334154,0
1708583015, 382668292,117573520,4096,0.5922346890249975,0
1708583015, 382668292,117573528,4096,0.6168795084631873,0
1708583015, 382669365,117573536,4096,0.594483511458516,0
1708583015, 382669365,117573544,4096,0.5095358023390186,0
1708583015, 382669365,117573552,4096,0.6053606209898956,0
1708583015, 382669365,117573560,4096,0.5905990316420766,0
1708583015, 382670439,117573568,4096,0.55180543173749,0
1708583015, 382670439,117573576,4096,0.5877103525668123,0
1708583015, 382670439,117573584,4096,0.5461345032443777,0
1708583015, 382671512,117573592,4096,0.5638036513693304,0
1708583015, 382671512,117573600,4096,0.47748787275804955,0
1708583015, 382671512,117573608,4096,0.42712003138225807,0
1708583015, 382672586,117573616,4096,0.43421078021422244,0
1708583015, 382672586,117573624,4096,0.47211347442957596,0
1708583015, 382680100,117573632,4096,0.4903041745702199,0
1708583015, 382680100,117573640,4096,0.47219164101593336,0
1708583015, 382680100,117573648,4096,0.4510149201482569,0
1708583015, 382681174,117573656,4096,0.4743288977422514,0
1708583015, 382681174,117573664,4096,0.4784306971749669,0
1708583015, 382681174,117573672,4096,0.4337151754757353,0
1708583015, 382681174,117573680,4096,0.44970597668338513,0
1708583015, 382682247,117573688,4096,0.473711519240532,0
1708583015, 382682247,117573696,4096,0.4318667504331985,0
1708583015, 382682247,117573704,4096,0.4680457901825198,0
1708583015, 382683321,117573712,4096,0.48091771414226253,0
1708583015, 382683321,117573720,4096,0.4402700441516506,0
1708583015, 382683321,117573728,4096,0.4659263452479941,0
1708583015, 382684394,117573736,4096,0.4389108784808223,0
1708583015, 382684394,117573744,4096,0.4739016509925035,0
1708583015, 382685468,117573752,4096,0.43144817274772057,0
1708583015, 382732702,117573760,4096,0.4393393148650221,0
1708583015, 382732702,117573768,4096,0.48370028202971255,0
1708583015, 382732702,117573776,4096,0.4413605899236037,0
1708583015, 382733775,117573784,4096,0.4610343390962091,0
1708583015, 382733775,117573792,4096,0.44111248881913123,0
1708583015, 382733775,117573800,4096,0.47022748071452497,0
1708583015, 382734849,117573808,4096,0.43198290757894436,0
1708583015, 382734849,117573816,4096,0.44080568110828716,0
1708583015, 382735922,117573824,4096,0.4817630825460529,0
1708583015, 382735922,117573832,4096,0.44012748276585345,0
1708583015, 382736996,117573840,4096,0.48086009683909525,0
1708583015, 382736996,117573848,4096,0.4688171165053014,0
1708583015, 382736996,117573856,4096,0.46268499714236233,0
1708583015, 382738069,117573864,4096,0.46553942681964955,0
1708583015, 382738069,117573872,4096,0.44721214779831764,0
1708583015, 382739143,117573880,4096,0.47083387313179453,0
1708583015, 382744510,117573888,4096,0.44227239754993697,0
1708583015, 382745584,117573896,4096,0.47448790952559833,0
1708583015, 382745584,117573904,4096,0.4420224929338229,0
1708583015, 382746657,117573912,4096,0.4744835066703688,0
1708583015, 382746657,117573920,4096,0.4751131439908443,0
1708583015, 382746657,117573928,4096,0.46216481834103823,0
1708583015, 382746657,117573936,4096,0.47151340808785713,0
1708583015, 382747731,117573944,4096,0.4418264780514881,0
1708583015, 382747731,117573952,4096,0.4764995337160881,0
1708583015, 382747731,117573960,4096,0.4424971587654318,0
1708583015, 382748804,117573968,4096,0.4701049797886758,0
1708583015, 382748804,117573976,4096,0.4470601534230428,0
1708583015, 382748804,117573984,4096,0.48898968890754596,0
1708583015, 382748804,117573992,4096,0.4410787884612997,0
1708583015, 382749878,117574000,4096,0.47862336060383015,0
1708583015, 382749878,117574008,4096,0.45793791445349574,0
1708583015, 382794965,117574016,4096,0.46690442185924064,0
1708583015, 382796038,117574024,4096,0.46660645677241014,0
1708583015, 382796038,117574032,4096,0.42844421822084044,0
1708583015, 382796038,117574040,4096,0.441625260127108,0
1708583015, 382796038,117574048,4096,0.4739269463916938,0
1708583015, 382797112,117574056,4096,0.4655498077999837,0
1708583015, 382797112,117574064,4096,0.45742230547870877,0
1708583015, 382797112,117574072,4096,0.5039574585146464,0
1708583015, 382798185,117574080,4096,0.5385133075049583,0
1708583015, 382798185,117574088,4096,0.5651760252038794,0
1708583015, 382798185,117574096,4096,0.5499502100342661,0
1708583015, 382799259,117574104,4096,0.6087963984007381,0
1708583015, 382799259,117574112,4096,0.5922229534583067,0
1708583015, 382800332,117574120,4096,0.5910860282723523,0
1708583015, 382800332,117574128,4096,0.6329704792661071,0
1708583015, 382801406,117574136,4096,0.6124471801030169,0
1708583015, 382806773,117574144,4096,0.5846398152693049,0
1708583015, 382807847,117574152,4096,0.6378091727883369,0
1708583015, 382807847,117574160,4096,0.548389240724033,0
1708583015, 382808920,117574168,4096,0.574682019112052,0
1708583015, 382808920,117574176,4096,0.48537068043990833,0
1708583015, 382808920,117574184,4096,0.6346270048589693,0
1708583015, 382809994,117574192,4096,0.6181437322410295,0
1708583015, 382809994,117574200,4096,0.562376650989732,0
1708583015, 382809994,117574208,4096,0.654510916289429,0
1708583015, 382811067,117574216,4096,0.46425583438176765,0
1708583015, 382811067,117574224,4096,0.4505117005681376,0
1708583015, 382811067,117574232,4096,0.44603886930276077,0
1708583015, 382812141,117574240,4096,0.4397776914145624,0
1708583015, 382812141,117574248,4096,0.4520668572073289,0
1708583015, 382812141,117574256,4096,0.4887094930504532,0
1708583015, 382812141,117574264,4096,0.5951293888507291,0
1708583015, 382860448,117574272,4096,0.5188918192635473,0
1708583015, 382860448,117574280,4096,0.5207797148171354,0
1708583015, 382860448,117574288,4096,0.6833110784351735,0
1708583015, 382860448,117574296,4096,0.6222588796030121,0
1708583015, 382861522,117574304,4096,0.7033801276084342,0
1708583015, 382861522,117574312,4096,0.5821035490934791,0
1708583015, 382861522,117574320,4096,0.5700925600687298,0
1708583015, 382862595,117574328,4096,0.5758622856236314,0
1708583015, 382862595,117574336,4096,0.5609723100695297,0
1708583015, 382862595,117574344,4096,0.6162018022916036,0
1708583015, 382862595,117574352,4096,0.6309651975685201,0
1708583015, 382863669,117574360,4096,0.46195348069682163,0
1708583015, 382863669,117574368,4096,0.5577787888331077,0
1708583015, 382864742,117574376,4096,0.5220668360091203,0
1708583015, 382864742,117574384,4096,0.4934748360749039,0
1708583015, 382865816,117574392,4096,0.44658849591140165,0
1708583015, 382872257,117574400,4096,0.4561660382208277,0
1708583015, 382873330,117574408,4096,0.6535601884302468,0
1708583015, 382873330,117574416,4096,0.5496030275484817,0
1708583015, 382874404,117574424,4096,0.4539033223037964,0
1708583015, 382874404,117574432,4096,0.4160438695012662,0
1708583015, 382875477,117574440,4096,0.5069695462221234,0
1708583015, 382875477,117574448,4096,0.41832420100846657,0
1708583015, 382875477,117574456,4096,-0.0,0
1708583015, 382876551,117574464,4096,-0.0,0
1708583015, 382876551,117574472,4096,-0.0,0
1708583015, 382877624,117574480,4096,-0.0,0
1708583015, 382877624,117574488,4096,-0.0,0
1708583015, 382877624,117574496,4096,-0.0,0
1708583015, 382878698,117574504,4096,-0.0,0
1708583015, 382878698,117574512,4096,-0.0,0
1708583015, 382878698,117574520,4096,-0.0,0
1708583015, 382922711,117574528,4096,-0.0,0
1708583015, 382922711,117574536,4096,-0.0,0
1708583015, 382923785,117574544,4096,-0.0,0
1708583015, 382923785,117574552,4096,-0.0,0
1708583015, 382923785,117574560,4096,-0.0,0
1708583015, 382924858,117574568,4096,-0.0,0
1708583015, 382924858,117574576,4096,-0.0,0
1708583015, 382924858,117574584,4096,-0.0,0
1708583015, 382925932,117574592,4096,-0.0,0
1708583015, 382925932,117574600,4096,-0.0,0
1708583015, 382925932,117574608,4096,-0.0,0
1708583015, 382927005,117574616,4096,-0.0,0
1708583015, 382927005,117574624,4096,-0.0,0
1708583015, 382927005,117574632,4096,-0.0,0
1708583015, 382928079,117574640,4096,-0.0,0
1708583015, 382928079,117574648,4096,-0.0,0
1708583015, 382933446,117574656,4096,-0.0,0
1708583015, 382933446,117574664,4096,-0.0,0
1708583015, 382933446,117574672,4096,-0.0,0
1708583015, 382933446,117574680,4096,-0.0,0
1708583015, 382934520,117574688,4096,-0.0,0
1708583015, 382934520,117574696,4096,-0.0,0
1708583015, 382934520,117574704,4096,-0.0,0
1708583015, 382935593,117574712,4096,-0.0,0
1708583015, 382935593,117574720,4096,-0.0,0
1708583015, 382935593,117574728,4096,-0.0,0
1708583015, 382935593,117574736,4096,-0.0,0
1708583015, 382936667,117574744,4096,-0.0,0
1708583015, 382936667,117574752,4096,-0.0,0
1708583015, 382936667,117574760,4096,-0.0,0
1708583015, 382937740,117574768,4096,-0.0,0
1708583015, 382937740,117574776,4096,-0.0,0
1708583015, 382979607,117574784,4096,-0.0,0
1708583015, 382980680,117574792,4096,-0.0,0
1708583015, 382980680,117574800,4096,-0.0,0
1708583015, 382980680,117574808,4096,-0.0,0
1708583015, 382981754,117574816,4096,-0.0,0
1708583015, 382981754,117574824,4096,-0.0,0
1708583015, 382982827,117574832,4096,-0.0,0
1708583015, 382982827,117574840,4096,-0.0,0
1708583015, 382983901,117574848,4096,-0.0,0
1708583015, 382983901,117574856,4096,-0.0,0
1708583015, 382984974,117574864,4096,-0.0,0
1708583015, 382984974,117574872,4096,-0.0,0
1708583015, 382986048,117574880,4096,-0.0,0
1708583015, 382986048,117574888,4096,-0.0,0
1708583015, 382987121,117574896,4096,-0.0,0
1708583015, 382987121,117574904,4096,-0.0,0
1708583015, 382998930,117574912,4096,-0.0,0
1708583015, 382998930,117574920,4096,-0.0,0
1708583015, 382998930,117574928,4096,-0.0,0
1708583015, 383000003,117574936,4096,-0.0,0
1708583015, 383000003,117574944,4096,-0.0,0
1708583015, 383001077,117574952,4096,-0.0,0
1708583015, 383001077,117574960,4096,-0.0,0
1708583015, 383001077,117574968,4096,-0.0,0
1708583015, 383002150,117574976,4096,-0.0,0
1708583015, 383002150,117574984,4096,-0.0,0
1708583015, 383002150,117574992,4096,-0.0,0
1708583015, 383003224,117575000,4096,-0.0,0
1708583015, 383003224,117575008,4096,-0.0,0
1708583015, 383003224,117575016,4096,-0.0,0
1708583015, 383004297,117575024,4096,-0.0,0
1708583015, 383004297,117575032,4096,-0.0,0
1708583015, 383138485,117575040,4096,-0.0,0
1708583015, 383139558,117575048,4096,-0.0,0
1708583015, 383139558,117575056,4096,-0.0,0
1708583015, 383139558,117575064,4096,-0.0,0
1708583015, 383140632,117575072,4096,-0.0,0
1708583015, 383140632,117575080,4096,-0.0,0
1708583015, 383140632,117575088,4096,-0.0,0
1708583015, 383140632,117575096,4096,-0.0,0
1708583015, 383141705,117575104,4096,-0.0,0
1708583015, 383141705,117575112,4096,-0.0,0
1708583015, 383141705,117575120,4096,-0.0,0
1708583015, 383142779,117575128,4096,-0.0,0
1708583015, 383142779,117575136,4096,-0.0,0
1708583015, 383142779,117575144,4096,-0.0,0
1708583015, 383143852,117575152,4096,-0.0,0
1708583015, 383143852,117575160,4096,-0.0,0
1708583015, 383148146,117575168,4096,-0.0,0
1708583015, 383148146,117575176,4096,-0.0,0
1708583015, 383149220,117575184,4096,-0.0,0
1708583015, 383149220,117575192,4096,-0.0,0
1708583015, 383149220,117575200,4096,-0.0,0
1708583015, 383150293,117575208,4096,-0.0,0
1708583015, 383150293,117575216,4096,-0.0,0
1708583015, 383150293,117575224,4096,-0.0,0
1708583015, 383151367,117575232,4096,-0.0,0
1708583015, 383151367,117575240,4096,-0.0,0
1708583015, 383152440,117575248,4096,-0.0,0
1708583015, 383152440,117575256,4096,-0.0,0
1708583015, 383153514,117575264,4096,-0.0,0
1708583015, 383153514,117575272,4096,-0.0,0
1708583015, 383153514,117575280,4096,-0.0,0
1708583015, 383154587,117575288,4096,-0.0,0
1708583015, 383202895,117575296,4096,-0.0,0
1708583015, 383202895,117575304,4096,-0.0,0
1708583015, 383202895,117575312,4096,-0.0,0
1708583015, 383203968,117575320,4096,-0.0,0
1708583015, 383203968,117575328,4096,-0.0,0
1708583015, 383203968,117575336,4096,-0.0,0
1708583015, 383205042,117575344,4096,-0.0,0
1708583015, 383205042,117575352,4096,-0.0,0
1708583015, 383206115,117575360,4096,-0.0,0
1708583015, 383206115,117575368,4096,-0.0,0
1708583015, 383206115,117575376,4096,-0.0,0
1708583015, 383207189,117575384,4096,-0.0,0
1708583015, 383207189,117575392,4096,-0.0,0
1708583015, 383207189,117575400,4096,-0.0,0
1708583015, 383208262,117575408,4096,-0.0,0
1708583015, 383208262,117575416,4096,-0.0,0
1708583015, 383212556,117575424,4096,-0.0,0
1708583015, 383213630,117575432,4096,-0.0,0
1708583015, 383213630,117575440,4096,-0.0,0
1708583015, 383213630,117575448,4096,-0.0,0
1708583015, 383213630,117575456,4096,-0.0,0
1708583015, 383214703,117575464,4096,-0.0,0
1708583015, 383214703,117575472,4096,-0.0,0
1708583015, 383214703,117575480,4096,-0.0,0
1708583015, 383215777,117575488,4096,-0.0,0
1708583015, 383215777,117575496,4096,-0.0,0
1708583015, 383215777,117575504,4096,-0.0,0
1708583015, 383216850,117575512,4096,-0.0,0
1708583015, 383216850,117575520,4096,-0.0,0
1708583015, 383216850,117575528,4096,-0.0,0
1708583015, 383217924,117575536,4096,-0.0,0
1708583015, 383217924,117575544,4096,-0.0,0
1708583015, 385142709,117575552,4096,0.5817869336109069,0
1708583015, 385142709,117575560,4096,0.481953211873398,0
1708583015, 385142709,117575568,4096,0.501272513592268,0
1708583015, 385142709,117575576,4096,0.5849406893749705,0
1708583015, 385143783,117575584,4096,0.5188100308194125,0
1708583015, 385143783,117575592,4096,0.5281855663801028,0
1708583015, 385143783,117575600,4096,0.5891766156690709,0
1708583015, 385144856,117575608,4096,0.516233667812068,0
1708583015, 385144856,117575616,4096,0.48854075417983184,0
1708583015, 385144856,117575624,4096,0.5728095867490619,0
1708583015, 385145930,117575632,4096,0.5029529258653025,0
1708583015, 385145930,117575640,4096,0.45025864740026555,0
1708583015, 385145930,117575648,4096,0.5695937247267548,0
1708583015, 385145930,117575656,4096,0.4772182781819579,0
1708583015, 385147003,117575664,4096,0.5429771298323104,0
1708583015, 385147003,117575672,4096,0.5346521137937212,0
1708583015, 385152371,117575680,4096,0.5106123466111759,0
1708583015, 385152371,117575688,4096,0.6389706594234952,0
1708583015, 385152371,117575696,4096,0.4683394447556079,0
1708583015, 385152371,117575704,4096,0.5391053279117893,0
1708583015, 385153444,117575712,4096,0.6108864542476602,0
1708583015, 385153444,117575720,4096,0.09040943613129032,0
1708583015, 385153444,117575728,4096,-0.0,0
1708583015, 385154518,117575736,4096,-0.0,0
1708583015, 385154518,117575744,4096,-0.0,0
1708583015, 385154518,117575752,4096,-0.0,0
1708583015, 385154518,117575760,4096,-0.0,0
1708583015, 385155591,117575768,4096,-0.0,0
1708583015, 385155591,117575776,4096,-0.0,0
1708583015, 385155591,117575784,4096,-0.0,0
1708583015, 385156665,117575792,4096,-0.0,0
1708583015, 385156665,117575800,4096,-0.0,0
1708583015, 385202825,117575808,4096,-0.0,0
1708583015, 385202825,117575816,4096,-0.0,0
1708583015, 385202825,117575824,4096,-0.0,0
1708583015, 385202825,117575832,4096,-0.0,0
1708583015, 385203899,117575840,4096,-0.0,0
1708583015, 385203899,117575848,4096,-0.0,0
1708583015, 385204972,117575856,4096,-0.0,0
1708583015, 385204972,117575864,4096,-0.0,0
1708583015, 385206046,117575872,4096,-0.0,0
1708583015, 385206046,117575880,4096,-0.0,0
1708583015, 385206046,117575888,4096,-0.0,0
1708583015, 385207119,117575896,4096,-0.0,0
1708583015, 385207119,117575904,4096,-0.0,0
1708583015, 385208193,117575912,4096,-0.0,0
1708583015, 385208193,117575920,4096,-0.0,0
1708583015, 385209266,117575928,4096,-0.0,0
1708583015, 385213560,117575936,4096,-0.0,0
1708583015, 385213560,117575944,4096,-0.0,0
1708583015, 385214634,117575952,4096,-0.0,0
1708583015, 385214634,117575960,4096,-0.0,0
1708583015, 385214634,117575968,4096,-0.0,0
1708583015, 385215707,117575976,4096,-0.0,0
1708583015, 385215707,117575984,4096,-0.0,0
1708583015, 385216781,117575992,4096,-0.0,0
1708583015, 385216781,117576000,4096,-0.0,0
1708583015, 385216781,117576008,4096,-0.0,0
1708583015, 385217854,117576016,4096,-0.0,0
1708583015, 385217854,117576024,4096,-0.0,0
1708583015, 385218928,117576032,4096,-0.0,0
1708583015, 385218928,117576040,4096,-0.0,0
1708583015, 385220001,117576048,4096,-0.0,0
1708583015, 385220001,117576056,4096,-0.0,0
1708583015, 385264015,117576064,4096,-0.0,0
1708583015, 385265088,117576072,4096,-0.0,0
1708583015, 385265088,117576080,4096,-0.0,0
1708583015, 385265088,117576088,4096,-0.0,0
1708583015, 385265088,117576096,4096,-0.0,0
1708583015, 385266162,117576104,4096,-0.0,0
1708583015, 385266162,117576112,4096,-0.0,0
1708583015, 385266162,117576120,4096,-0.0,0
1708583015, 385267235,117576128,4096,-0.0,0
1708583015, 385267235,117576136,4096,-0.0,0
1708583015, 385267235,117576144,4096,-0.0,0
1708583015, 385268309,117576152,4096,-0.0,0
1708583015, 385269382,117576160,4096,-0.0,0
1708583015, 385269382,117576168,4096,-0.0,0
1708583015, 385269382,117576176,4096,-0.0,0
1708583015, 385270456,117576184,4096,-0.0,0
1708583015, 385274750,117576192,4096,-0.0,0
1708583015, 385275823,117576200,4096,-0.0,0
1708583015, 385275823,117576208,4096,-0.0,0
1708583015, 385275823,117576216,4096,-0.0,0
1708583015, 385276897,117576224,4096,-0.0,0
1708583015, 385276897,117576232,4096,-0.0,0
1708583015, 385277970,117576240,4096,-0.0,0
1708583015, 385277970,117576248,4096,-0.0,0
1708583015, 385277970,117576256,4096,-0.0,0
1708583015, 385277970,117576264,4096,-0.0,0
1708583015, 385279044,117576272,4096,-0.0,0
1708583015, 385279044,117576280,4096,-0.0,0
1708583015, 385279044,117576288,4096,-0.0,0
1708583015, 385280117,117576296,4096,-0.0,0
1708583015, 385280117,117576304,4096,-0.0,0
1708583015, 385280117,117576312,4096,-0.0,0
1708583015, 385324131,117576320,4096,-0.0,0
1708583015, 385324131,117576328,4096,-0.0,0
1708583015, 385324131,117576336,4096,-0.0,0
1708583015, 385324131,117576344,4096,-0.0,0
1708583015, 385325204,117576352,4096,-0.0,0
1708583015, 385325204,117576360,4096,-0.0,0
1708583015, 385325204,117576368,4096,-0.0,0
1708583015, 385326278,117576376,4096,-0.0,0
1708583015, 385326278,117576384,4096,-0.0,0
1708583015, 385326278,117576392,4096,-0.0,0
1708583015, 385327351,117576400,4096,-0.0,0
1708583015, 385327351,117576408,4096,-0.0,0
1708583015, 385327351,117576416,4096,-0.0,0
1708583015, 385328425,117576424,4096,-0.0,0
1708583015, 385328425,117576432,4096,-0.0,0
1708583015, 385329498,117576440,4096,-0.0,0
1708583015, 385333792,117576448,4096,-0.0,0
1708583015, 385334866,117576456,4096,-0.0,0
1708583015, 385334866,117576464,4096,-0.0,0
1708583015, 385335939,117576472,4096,-0.0,0
1708583015, 385335939,117576480,4096,-0.0,0
1708583015, 385337013,117576488,4096,-0.0,0
1708583015, 385337013,117576496,4096,-0.0,0
1708583015, 385337013,117576504,4096,-0.0,0
1708583015, 385338086,117576512,4096,-0.0,0
1708583015, 385338086,117576520,4096,-0.0,0
1708583015, 385339160,117576528,4096,-0.0,0
1708583015, 385339160,117576536,4096,-0.0,0
1708583015, 385339160,117576544,4096,-0.0,0
1708583015, 385340233,117576552,4096,-0.0,0
1708583015, 385340233,117576560,4096,-0.0,0
1708583015, 385341307,117576568,4096,-0.0,0
1708583015, 385385320,117576576,4096,-0.0,0
1708583015, 385385320,117576584,4096,-0.0,0
1708583015, 385386394,117576592,4096,-0.0,0
1708583015, 385386394,117576600,4096,-0.0,0
1708583015, 385386394,117576608,4096,-0.0,0
1708583015, 385387467,117576616,4096,-0.0,0
1708583015, 385387467,117576624,4096,-0.0,0
1708583015, 385387467,117576632,4096,-0.0,0
1708583015, 385388541,117576640,4096,-0.0,0
1708583015, 385388541,117576648,4096,-0.0,0
1708583015, 385388541,117576656,4096,-0.0,0
1708583015, 385389614,117576664,4096,-0.0,0
1708583015, 385389614,117576672,4096,-0.0,0
1708583015, 385390688,117576680,4096,-0.0,0
1708583015, 385390688,117576688,4096,-0.0,0
1708583015, 385390688,117576696,4096,-0.0,0
1708583015, 385396055,117576704,4096,-0.0,0
1708583015, 385396055,117576712,4096,-0.0,0
1708583015, 385396055,117576720,4096,-0.0,0
1708583015, 385397129,117576728,4096,-0.0,0
1708583015, 385397129,117576736,4096,-0.0,0
1708583015, 385397129,117576744,4096,-0.0,0
1708583015, 385397129,117576752,4096,-0.0,0
1708583015, 385398202,117576760,4096,-0.0,0
1708583015, 385398202,117576768,4096,-0.0,0
1708583015, 385398202,117576776,4096,-0.0,0
1708583015, 385399276,117576784,4096,-0.0,0
1708583015, 385399276,117576792,4096,-0.0,0
1708583015, 385399276,117576800,4096,-0.0,0
1708583015, 385400349,117576808,4096,-0.0,0
1708583015, 385400349,117576816,4096,-0.0,0
1708583015, 385400349,117576824,4096,-0.0,0
1708583015, 385451877,117576832,4096,-0.0,0
1708583015, 385451877,117576840,4096,-0.0,0
1708583015, 385451877,117576848,4096,-0.0,0
1708583015, 385452951,117576856,4096,-0.0,0
1708583015, 385452951,117576864,4096,-0.0,0
1708583015, 385454024,117576872,4096,-0.0,0
1708583015, 385454024,117576880,4096,-0.0,0
1708583015, 385455098,117576888,4096,-0.0,0
1708583015, 385455098,117576896,4096,-0.0,0
1708583015, 385455098,117576904,4096,-0.0,0
1708583015, 385456171,117576912,4096,-0.0,0
1708583015, 385456171,117576920,4096,-0.0,0
1708583015, 385456171,117576928,4096,-0.0,0
1708583015, 385457245,117576936,4096,-0.0,0
1708583015, 385457245,117576944,4096,-0.0,0
1708583015, 385457245,117576952,4096,-0.0,0
1708583015, 385469053,117576960,4096,-0.0,0
1708583015, 385469053,117576968,4096,-0.0,0
1708583015, 385470127,117576976,4096,-0.0,0
1708583015, 385470127,117576984,4096,-0.0,0
1708583015, 385470127,117576992,4096,-0.0,0
1708583015, 385471200,117577000,4096,-0.0,0
1708583015, 385471200,117577008,4096,-0.0,0
1708583015, 385472274,117577016,4096,-0.0,0
1708583015, 385472274,117577024,4096,-0.0,0
1708583015, 385472274,117577032,4096,-0.0,0
1708583015, 385472274,117577040,4096,-0.0,0
1708583015, 385473347,117577048,4096,-0.0,0
1708583015, 385473347,117577056,4096,-0.0,0
1708583015, 385473347,117577064,4096,-0.0,0
1708583015, 385474421,117577072,4096,-0.0,0
1708583015, 385474421,117577080,4096,-0.0,0
1708583015, 385609682,117577088,4096,-0.0,0
1708583015, 385610755,117577096,4096,-0.0,0
1708583015, 385610755,117577104,4096,-0.0,0
1708583015, 385610755,117577112,4096,-0.0,0
1708583015, 385610755,117577120,4096,-0.0,0
1708583015, 385611829,117577128,4096,-0.0,0
1708583015, 385611829,117577136,4096,-0.0,0
1708583015, 385611829,117577144,4096,-0.0,0
1708583015, 385612902,117577152,4096,-0.0,0
1708583015, 385612902,117577160,4096,-0.0,0
1708583015, 385613976,117577168,4096,-0.0,0
1708583015, 385613976,117577176,4096,-0.0,0
1708583015, 385613976,117577184,4096,-0.0,0
1708583015, 385615049,117577192,4096,-0.0,0
1708583015, 385615049,117577200,4096,-0.0,0
1708583015, 385615049,117577208,4096,-0.0,0
1708583015, 385621490,117577216,4096,-0.0,0
1708583015, 385621490,117577224,4096,-0.0,0
1708583015, 385621490,117577232,4096,-0.0,0
1708583015, 385621490,117577240,4096,-0.0,0
1708583015, 385622564,117577248,4096,-0.0,0
1708583015, 385622564,117577256,4096,-0.0,0
1708583015, 385622564,117577264,4096,-0.0,0
1708583015, 385623637,117577272,4096,-0.0,0
1708583015, 385623637,117577280,4096,-0.0,0
1708583015, 385623637,117577288,4096,-0.0,0
1708583015, 385624711,117577296,4096,-0.0,0
1708583015, 385624711,117577304,4096,-0.0,0
1708583015, 385624711,117577312,4096,-0.0,0
1708583015, 385625784,117577320,4096,-0.0,0
1708583015, 385625784,117577328,4096,-0.0,0
1708583015, 385625784,117577336,4096,-0.0,0
1708583015, 385682680,117577344,4096,-0.0,0
1708583015, 385683753,117577352,4096,-0.0,0
1708583015, 385683753,117577360,4096,-0.0,0
1708583015, 385683753,117577368,4096,-0.0,0
1708583015, 385684827,117577376,4096,-0.0,0
1708583015, 385684827,117577384,4096,-0.0,0
1708583015, 385685900,117577392,4096,-0.0,0
1708583015, 385685900,117577400,4096,-0.0,0
1708583015, 385685900,117577408,4096,-0.0,0
1708583015, 385685900,117577416,4096,-0.0,0
1708583015, 385686974,117577424,4096,-0.0,0
1708583015, 385686974,117577432,4096,-0.0,0
1708583015, 385688047,117577440,4096,-0.0,0
1708583015, 385688047,117577448,4096,-0.0,0
1708583015, 385688047,117577456,4096,-0.0,0
1708583015, 385689121,117577464,4096,-0.0,0
1708583015, 385693415,117577472,4096,-0.0,0
1708583015, 385694488,117577480,4096,-0.0,0
1708583015, 385694488,117577488,4096,-0.0,0
1708583015, 385694488,117577496,4096,-0.0,0
1708583015, 385695562,117577504,4096,-0.0,0
1708583015, 385695562,117577512,4096,-0.0,0
1708583015, 385696635,117577520,4096,-0.0,0
1708583015, 385696635,117577528,4096,-0.0,0
1708583015, 385697709,117577536,4096,-0.0,0
1708583015, 385697709,117577544,4096,-0.0,0
1708583015, 385697709,117577552,4096,-0.0,0
1708583015, 385698782,117577560,4096,-0.0,0
1708583015, 385698782,117577568,4096,-0.0,0
1708583015, 385699856,117577576,4096,-0.0,0
1708583015, 385699856,117577584,4096,-0.0,0
1708583015, 385699856,117577592,4096,-0.0,0
1708583015, 387625715,117577600,4096,0.5031235200462427,0
1708583015, 387626788,117577608,4096,0.47072970893065763,0
1708583015, 387626788,117577616,4096,0.6511501875666964,0
1708583015, 387626788,117577624,4096,0.4600545811750789,0
1708583015, 387627862,117577632,4096,0.6884229297208602,0
1708583015, 387627862,117577640,4096,0.46455385382307274,0
1708583015, 387627862,117577648,4096,0.5448595281576614,0
1708583015, 387627862,117577656,4096,0.6981981392604363,0
1708583015, 387628935,117577664,4096,0.6920045148807858,0
1708583015, 387628935,117577672,4096,0.6642822407504456,0
1708583015, 387628935,117577680,4096,0.5869288957235427,0
1708583015, 387630009,117577688,4096,0.6922619081966579,0
1708583015, 387630009,117577696,4096,0.6081791846318102,0
1708583015, 387630009,117577704,4096,0.6277832922082182,0
1708583015, 387631082,117577712,4096,-0.0,0
1708583015, 387631082,117577720,4096,-0.0,0
1708583015, 387636450,117577728,4096,-0.0,0
1708583015, 387637523,117577736,4096,-0.0,0
1708583015, 387637523,117577744,4096,-0.0,0
1708583015, 387637523,117577752,4096,-0.0,0
1708583015, 387637523,117577760,4096,-0.0,0
1708583015, 387638597,117577768,4096,-0.0,0
1708583015, 387638597,117577776,4096,-0.0,0
1708583015, 387638597,117577784,4096,-0.0,0
1708583015, 387639670,117577792,4096,-0.0,0
1708583015, 387639670,117577800,4096,-0.0,0
1708583015, 387639670,117577808,4096,-0.0,0
1708583015, 387639670,117577816,4096,-0.0,0
1708583015, 387640744,117577824,4096,-0.0,0
1708583015, 387640744,117577832,4096,-0.0,0
1708583015, 387640744,117577840,4096,-0.0,0
1708583015, 387641817,117577848,4096,-0.0,0
1708583015, 387687978,117577856,4096,-0.0,0
1708583015, 387687978,117577864,4096,-0.0,0
1708583015, 387689051,117577872,4096,-0.0,0
1708583015, 387689051,117577880,4096,-0.0,0
1708583015, 387689051,117577888,4096,-0.0,0
1708583015, 387690125,117577896,4096,-0.0,0
1708583015, 387690125,117577904,4096,-0.0,0
1708583015, 387690125,117577912,4096,-0.0,0
1708583015, 387691198,117577920,4096,-0.0,0
1708583015, 387691198,117577928,4096,-0.0,0
1708583015, 387691198,117577936,4096,-0.0,0
1708583015, 387692272,117577944,4096,-0.0,0
1708583015, 387692272,117577952,4096,-0.0,0
1708583015, 387692272,117577960,4096,-0.0,0
1708583015, 387692272,117577968,4096,-0.0,0
1708583015, 387693345,117577976,4096,-0.0,0
1708583015, 387698713,117577984,4096,-0.0,0
1708583015, 387698713,117577992,4096,-0.0,0
1708583015, 387699786,117578000,4096,-0.0,0
1708583015, 387699786,117578008,4096,-0.0,0
1708583015, 387699786,117578016,4096,-0.0,0
1708583015, 387699786,117578024,4096,-0.0,0
1708583015, 387700860,117578032,4096,-0.0,0
1708583015, 387700860,117578040,4096,-0.0,0
1708583015, 387700860,117578048,4096,-0.0,0
1708583015, 387701933,117578056,4096,-0.0,0
1708583015, 387701933,117578064,4096,-0.0,0
1708583015, 387701933,117578072,4096,-0.0,0
1708583015, 387703007,117578080,4096,-0.0,0
1708583015, 387703007,117578088,4096,-0.0,0
1708583015, 387703007,117578096,4096,-0.0,0
1708583015, 387704080,117578104,4096,-0.0,0
1708583015, 387748094,117578112,4096,-0.0,0
1708583015, 387749167,117578120,4096,-0.0,0
1708583015, 387749167,117578128,4096,-0.0,0
1708583015, 387749167,117578136,4096,-0.0,0
1708583015, 387749167,117578144,4096,-0.0,0
1708583015, 387750241,117578152,4096,-0.0,0
1708583015, 387750241,117578160,4096,-0.0,0
1708583015, 387750241,117578168,4096,-0.0,0
1708583015, 387751314,117578176,4096,-0.0,0
1708583015, 387751314,117578184,4096,-0.0,0
1708583015, 387751314,117578192,4096,-0.0,0
1708583015, 387751314,117578200,4096,-0.0,0
1708583015, 387752388,117578208,4096,-0.0,0
1708583015, 387752388,117578216,4096,-0.0,0
1708583015, 387753461,117578224,4096,-0.0,0
1708583015, 387753461,117578232,4096,-0.0,0
1708583015, 387758829,117578240,4096,-0.0,0
1708583015, 387758829,117578248,4096,-0.0,0
1708583015, 387759902,117578256,4096,-0.0,0
1708583015, 387759902,117578264,4096,-0.0,0
1708583015, 387759902,117578272,4096,-0.0,0
1708583015, 387760976,117578280,4096,-0.0,0
1708583015, 387760976,117578288,4096,-0.0,0
1708583015, 387760976,117578296,4096,-0.0,0
1708583015, 387762049,117578304,4096,-0.0,0
1708583015, 387762049,117578312,4096,-0.0,0
1708583015, 387762049,117578320,4096,-0.0,0
1708583015, 387763123,117578328,4096,-0.0,0
1708583015, 387763123,117578336,4096,-0.0,0
1708583015, 387763123,117578344,4096,-0.0,0
1708583015, 387764196,117578352,4096,-0.0,0
1708583015, 387764196,117578360,4096,-0.0,0
1708583015, 387816798,117578368,4096,-0.0,0
1708583015, 387816798,117578376,4096,-0.0,0
1708583015, 387816798,117578384,4096,-0.0,0
1708583015, 387816798,117578392,4096,-0.0,0
1708583015, 387817871,117578400,4096,-0.0,0
1708583015, 387817871,117578408,4096,-0.0,0
1708583015, 387817871,117578416,4096,-0.0,0
1708583015, 387818945,117578424,4096,-0.0,0
1708583015, 387818945,117578432,4096,-0.0,0
1708583015, 387818945,117578440,4096,-0.0,0
1708583015, 387820018,117578448,4096,-0.0,0
1708583015, 387820018,117578456,4096,-0.0,0
1708583015, 387820018,117578464,4096,-0.0,0
1708583015, 387820018,117578472,4096,-0.0,0
1708583015, 387821092,117578480,4096,-0.0,0
1708583015, 387821092,117578488,4096,-0.0,0
1708583015, 387826459,117578496,4096,-0.0,0
1708583015, 387827533,117578504,4096,-0.0,0
1708583015, 387827533,117578512,4096,-0.0,0
1708583015, 387827533,117578520,4096,-0.0,0
1708583015, 387828606,117578528,4096,-0.0,0
1708583015, 387828606,117578536,4096,-0.0,0
1708583015, 387829680,117578544,4096,-0.0,0
1708583015, 387829680,117578552,4096,-0.0,0
1708583015, 387829680,117578560,4096,-0.0,0
1708583015, 387829680,117578568,4096,-0.0,0
1708583015, 387830753,117578576,4096,-0.0,0
1708583015, 387830753,117578584,4096,-0.0,0
1708583015, 387830753,117578592,4096,-0.0,0
1708583015, 387831827,117578600,4096,-0.0,0
1708583015, 387831827,117578608,4096,-0.0,0
1708583015, 387831827,117578616,4096,-0.0,0
1708583015, 387875840,117578624,4096,-0.0,0
1708583015, 387876914,117578632,4096,-0.0,0
1708583015, 387876914,117578640,4096,-0.0,0
1708583015, 387876914,117578648,4096,-0.0,0
1708583015, 387876914,117578656,4096,-0.0,0
1708583015, 387877987,117578664,4096,-0.0,0
1708583015, 387877987,117578672,4096,-0.0,0
1708583015, 387877987,117578680,4096,-0.0,0
1708583015, 387879061,117578688,4096,-0.0,0
1708583015, 387879061,117578696,4096,-0.0,0
1708583015, 387879061,117578704,4096,-0.0,0
1708583015, 387880134,117578712,4096,-0.0,0
1708583015, 387880134,117578720,4096,-0.0,0
1708583015, 387880134,117578728,4096,-0.0,0
1708583015, 387881208,117578736,4096,-0.0,0
1708583015, 387881208,117578744,4096,-0.0,0
1708583015, 387886575,117578752,4096,-0.0,0
1708583015, 387886575,117578760,4096,-0.0,0
1708583015, 387886575,117578768,4096,-0.0,0
1708583015, 387886575,117578776,4096,-0.0,0
1708583015, 387887649,117578784,4096,-0.0,0
1708583015, 387887649,117578792,4096,-0.0,0
1708583015, 387887649,117578800,4096,-0.0,0
1708583015, 387888722,117578808,4096,-0.0,0
1708583015, 387888722,117578816,4096,-0.0,0
1708583015, 387888722,117578824,4096,-0.0,0
1708583015, 387889796,117578832,4096,-0.0,0
1708583015, 387889796,117578840,4096,-0.0,0
1708583015, 387889796,117578848,4096,-0.0,0
1708583015, 387889796,117578856,4096,-0.0,0
1708583015, 387890869,117578864,4096,-0.0,0
1708583015, 387890869,117578872,4096,-0.0,0
1708583015, 387941324,117578880,4096,-0.0,0
1708583015, 387941324,117578888,4096,-0.0,0
1708583015, 387941324,117578896,4096,-0.0,0
1708583015, 387942397,117578904,4096,-0.0,0
1708583015, 387942397,117578912,4096,-0.0,0
1708583015, 387943471,117578920,4096,-0.0,0
1708583015, 387943471,117578928,4096,-0.0,0
1708583015, 387944544,117578936,4096,-0.0,0
1708583015, 387944544,117578944,4096,-0.0,0
1708583015, 387945618,117578952,4096,-0.0,0
1708583015, 387945618,117578960,4096,-0.0,0
1708583015, 387946691,117578968,4096,-0.0,0
1708583015, 387946691,117578976,4096,-0.0,0
1708583015, 387947765,117578984,4096,-0.0,0
1708583015, 387947765,117578992,4096,-0.0,0
1708583015, 387948838,117579000,4096,-0.0,0
1708583015, 387959573,117579008,4096,-0.0,0
1708583015, 387960647,117579016,4096,-0.0,0
1708583015, 387960647,117579024,4096,-0.0,0
1708583015, 387961720,117579032,4096,-0.0,0
1708583015, 387961720,117579040,4096,-0.0,0
1708583015, 387962794,117579048,4096,-0.0,0
1708583015, 387962794,117579056,4096,-0.0,0
1708583015, 387963867,117579064,4096,-0.0,0
1708583015, 387963867,117579072,4096,-0.0,0
1708583015, 387964941,117579080,4096,-0.0,0
1708583015, 387964941,117579088,4096,-0.0,0
1708583015, 387964941,117579096,4096,-0.0,0
1708583015, 387966014,117579104,4096,-0.0,0
1708583015, 387966014,117579112,4096,-0.0,0
1708583015, 387966014,117579120,4096,-0.0,0
1708583015, 387967088,117579128,4096,-0.0,0
1708583015, 388099128,117579136,4096,-0.0,0
1708583015, 388099128,117579144,4096,-0.0,0
1708583015, 388099128,117579152,4096,-0.0,0
1708583015, 388100202,117579160,4096,-0.0,0
1708583015, 388100202,117579168,4096,-0.0,0
1708583015, 388100202,117579176,4096,-0.0,0
1708583015, 388101275,117579184,4096,-0.0,0
1708583015, 388101275,117579192,4096,-0.0,0
1708583015, 388101275,117579200,4096,-0.0,0
1708583015, 388101275,117579208,4096,-0.0,0
1708583015, 388102349,117579216,4096,-0.0,0
1708583015, 388102349,117579224,4096,-0.0,0
1708583015, 388102349,117579232,4096,-0.0,0
1708583015, 388103422,117579240,4096,-0.0,0
1708583015, 388103422,117579248,4096,-0.0,0
1708583015, 388103422,117579256,4096,-0.0,0
1708583015, 388109863,117579264,4096,-0.0,0
1708583015, 388109863,117579272,4096,-0.0,0
1708583015, 388109863,117579280,4096,-0.0,0
1708583015, 388110937,117579288,4096,-0.0,0
1708583015, 388110937,117579296,4096,-0.0,0
1708583015, 388110937,117579304,4096,-0.0,0
1708583015, 388112010,117579312,4096,-0.0,0
1708583015, 388112010,117579320,4096,-0.0,0
1708583015, 388112010,117579328,4096,-0.0,0
1708583015, 388112010,117579336,4096,-0.0,0
1708583015, 388113084,117579344,4096,-0.0,0
1708583015, 388113084,117579352,4096,-0.0,0
1708583015, 388113084,117579360,4096,-0.0,0
1708583015, 388114157,117579368,4096,-0.0,0
1708583015, 388114157,117579376,4096,-0.0,0
1708583015, 388114157,117579384,4096,-0.0,0
1708583015, 388162465,117579392,4096,-0.0,0
1708583015, 388162465,117579400,4096,-0.0,0
1708583015, 388162465,117579408,4096,-0.0,0
1708583015, 388163538,117579416,4096,-0.0,0
1708583015, 388163538,117579424,4096,-0.0,0
1708583015, 388164612,117579432,4096,-0.0,0
1708583015, 388164612,117579440,4096,-0.0,0
1708583015, 388164612,117579448,4096,-0.0,0
1708583015, 388164612,117579456,4096,-0.0,0
1708583015, 388165685,117579464,4096,-0.0,0
1708583015, 388165685,117579472,4096,-0.0,0
1708583015, 388165685,117579480,4096,-0.0,0
1708583015, 388166759,117579488,4096,-0.0,0
1708583015, 388166759,117579496,4096,-0.0,0
1708583015, 388166759,117579504,4096,-0.0,0
1708583015, 388167832,117579512,4096,-0.0,0
1708583015, 388172126,117579520,4096,-0.0,0
1708583015, 388173200,117579528,4096,-0.0,0
1708583015, 388173200,117579536,4096,-0.0,0
1708583015, 388173200,117579544,4096,-0.0,0
1708583015, 388174273,117579552,4096,-0.0,0
1708583015, 388174273,117579560,4096,-0.0,0
1708583015, 388174273,117579568,4096,-0.0,0
1708583015, 388175347,117579576,4096,-0.0,0
1708583015, 388175347,117579584,4096,-0.0,0
1708583015, 388175347,117579592,4096,-0.0,0
1708583015, 388175347,117579600,4096,-0.0,0
1708583015, 388176420,117579608,4096,-0.0,0
1708583015, 388176420,117579616,4096,-0.0,0
1708583015, 388176420,117579624,4096,-0.0,0
1708583015, 388177494,117579632,4096,-0.0,0
1708583015, 388177494,117579640,4096,-0.0,0
1708583015, 390093691,117579648,4096,0.6304919755638957,0
1708583015, 390093691,117579656,4096,0.5735387546101236,0
1708583015, 390093691,117579664,4096,0.5225779427149886,0
1708583015, 390094765,117579672,4096,0.5405607650260346,0
1708583015, 390094765,117579680,4096,0.5962533335945246,0
1708583015, 390094765,117579688,4096,0.5575615397961547,0
1708583015, 390095838,117579696,4096,0.6250809879280911,0
1708583015, 390095838,117579704,4096,0.6532932292448369,0
1708583015, 390095838,117579712,4096,0.5938324303010968,0
1708583015, 390095838,117579720,4096,0.5683605320345027,0
1708583015, 390096912,117579728,4096,0.5179825887250532,0
1708583015, 390096912,117579736,4096,0.5839752921197549,0
1708583015, 390096912,117579744,4096,0.5428099973337961,0
1708583015, 390097985,117579752,4096,0.5738286543719915,0
1708583015, 390097985,117579760,4096,0.521452856440294,0
1708583015, 390097985,117579768,4096,0.5186881967120491,0
1708583015, 390103353,117579776,4096,0.6232066136016635,0
1708583015, 390103353,117579784,4096,0.5036040192743316,0
1708583015, 390104426,117579792,4096,0.6498808680840265,0
1708583015, 390104426,117579800,4096,0.5539354235161564,0
1708583015, 390105500,117579808,4096,0.5303191646429917,0
1708583015, 390105500,117579816,4096,0.5322945170241643,0
1708583015, 390105500,117579824,4096,0.5198501049299171,0
1708583015, 390105500,117579832,4096,0.6313729540711789,0
1708583015, 390106573,117579840,4096,0.5235849519046668,0
1708583015, 390106573,117579848,4096,0.638138824868272,0
1708583015, 390106573,117579856,4096,0.6007774826990302,0
1708583015, 390107647,117579864,4096,0.5760396957772542,0
1708583015, 390107647,117579872,4096,0.508125169841484,0
1708583015, 390107647,117579880,4096,0.6009728749870157,0
1708583015, 390108720,117579888,4096,0.6180465861955625,0
1708583015, 390108720,117579896,4096,0.4741982776930469,0
1708583015, 390157028,117579904,4096,0.6570807557098638,0
1708583015, 390157028,117579912,4096,0.6551298316453341,0
1708583015, 390157028,117579920,4096,0.6910693282343654,0
1708583015, 390157028,117579928,4096,0.4926754018959147,0
1708583015, 390157028,117579936,4096,0.5658851368323449,0
1708583015, 390158101,117579944,4096,0.5962672824543853,0
1708583015, 390158101,117579952,4096,0.453297516844832,0
1708583015, 390159175,117579960,4096,0.5951521419001726,0
1708583015, 390159175,117579968,4096,0.5724905758193041,0
1708583015, 390160248,117579976,4096,0.47574851960411324,0
1708583015, 390160248,117579984,4096,0.5135738429939688,0
1708583015, 390160248,117579992,4096,0.5054633974782782,0
1708583015, 390161322,117580000,4096,0.4737237206050663,0
1708583015, 390161322,117580008,4096,0.46702697278793404,0
1708583015, 390162395,117580016,4096,0.5884909937897137,0
1708583015, 390162395,117580024,4096,0.6233461688272538,0
1708583015, 390168836,117580032,4096,0.5849219037228918,0
1708583015, 390168836,117580040,4096,0.5951288137127498,0
1708583015, 390169910,117580048,4096,0.5711428772113019,0
1708583015, 390169910,117580056,4096,0.5604634102346527,0
1708583015, 390170983,117580064,4096,0.6192865121808254,0
1708583015, 390170983,117580072,4096,0.6279045171081125,0
1708583015, 390170983,117580080,4096,0.5571761625851074,0
1708583015, 390172057,117580088,4096,0.6041326660634784,0
1708583015, 390172057,117580096,4096,0.6702079246790877,0
1708583015, 390173130,117580104,4096,0.647215336478163,0
1708583015, 390173130,117580112,4096,0.6620675862543812,0
1708583015, 390173130,117580120,4096,0.5815300589501486,0
1708583015, 390174204,117580128,4096,0.4815780058151,0
1708583015, 390174204,117580136,4096,0.5962487968757125,0
1708583015, 390175277,117580144,4096,0.5135801228394311,0
1708583015, 390175277,117580152,4096,0.625982961506372,0
1708583015, 390220364,117580160,4096,0.6419540664735306,0
1708583015, 390221438,117580168,4096,0.6202760344294589,0
1708583015, 390221438,117580176,4096,0.6597302662785064,0
1708583015, 390221438,117580184,4096,0.5180846069633521,0
1708583015, 390222511,117580192,4096,0.452040547593642,0
1708583015, 390222511,117580200,4096,0.48703263056650953,0
1708583015, 390222511,117580208,4096,0.6292520958072179,0
1708583015, 390223585,117580216,4096,0.6279591614753665,0
1708583015, 390223585,117580224,4096,0.6514499168051278,0
1708583015, 390223585,117580232,4096,0.5683013845278401,0
1708583015, 390224658,117580240,4096,0.5528760948898841,0
1708583015, 390225732,117580248,4096,0.6057882473279623,0
1708583015, 390225732,117580256,4096,0.5654900229672243,0
1708583015, 390226805,117580264,4096,0.590871770516931,0
1708583015, 390226805,117580272,4096,0.5986154328391444,0
1708583015, 390226805,117580280,4096,0.615855805731004,0
1708583015, 390232173,117580288,4096,0.44769376398422267,0
1708583015, 390232173,117580296,4096,-0.0,0
1708583015, 390233246,117580304,4096,-0.0,0
1708583015, 390233246,117580312,4096,-0.0,0
1708583015, 390234320,117580320,4096,-0.0,0
1708583015, 390234320,117580328,4096,-0.0,0
1708583015, 390234320,117580336,4096,-0.0,0
1708583015, 390235393,117580344,4096,-0.0,0
1708583015, 390235393,117580352,4096,-0.0,0
1708583015, 390235393,117580360,4096,-0.0,0
1708583015, 390235393,117580368,4096,-0.0,0
1708583015, 390236467,117580376,4096,-0.0,0
1708583015, 390236467,117580384,4096,-0.0,0
1708583015, 390236467,117580392,4096,-0.0,0
1708583015, 390237540,117580400,4096,-0.0,0
1708583015, 390237540,117580408,4096,-0.0,0
1708583015, 390281554,117580416,4096,-0.0,0
1708583015, 390281554,117580424,4096,-0.0,0
1708583015, 390281554,117580432,4096,-0.0,0
1708583015, 390282627,117580440,4096,-0.0,0
1708583015, 390282627,117580448,4096,-0.0,0
1708583015, 390282627,117580456,4096,-0.0,0
1708583015, 390283701,117580464,4096,-0.0,0
1708583015, 390283701,117580472,4096,-0.0,0
1708583015, 390283701,117580480,4096,-0.0,0
1708583015, 390284774,117580488,4096,-0.0,0
1708583015, 390284774,117580496,4096,-0.0,0
1708583015, 390284774,117580504,4096,-0.0,0
1708583015, 390285848,117580512,4096,-0.0,0
1708583015, 390285848,117580520,4096,-0.0,0
1708583015, 390286921,117580528,4096,-0.0,0
1708583015, 390286921,117580536,4096,-0.0,0
1708583015, 390291215,117580544,4096,-0.0,0
1708583015, 390292289,117580552,4096,-0.0,0
1708583015, 390292289,117580560,4096,-0.0,0
1708583015, 390293362,117580568,4096,-0.0,0
1708583015, 390293362,117580576,4096,-0.0,0
1708583015, 390294436,117580584,4096,-0.0,0
1708583015, 390294436,117580592,4096,-0.0,0
1708583015, 390295509,117580600,4096,-0.0,0
1708583015, 390295509,117580608,4096,-0.0,0
1708583015, 390296583,117580616,4096,-0.0,0
1708583015, 390296583,117580624,4096,-0.0,0
1708583015, 390296583,117580632,4096,-0.0,0
1708583015, 390297656,117580640,4096,-0.0,0
1708583015, 390297656,117580648,4096,-0.0,0
1708583015, 390298730,117580656,4096,-0.0,0
1708583015, 390298730,117580664,4096,-0.0,0
1708583015, 390343817,117580672,4096,-0.0,0
1708583015, 390343817,117580680,4096,-0.0,0
1708583015, 390343817,117580688,4096,-0.0,0
1708583015, 390344890,117580696,4096,-0.0,0
1708583015, 390344890,117580704,4096,-0.0,0
1708583015, 390344890,117580712,4096,-0.0,0
1708583015, 390344890,117580720,4096,-0.0,0
1708583015, 390345964,117580728,4096,-0.0,0
1708583015, 390345964,117580736,4096,-0.0,0
1708583015, 390347037,117580744,4096,-0.0,0
1708583015, 390347037,117580752,4096,-0.0,0
1708583015, 390347037,117580760,4096,-0.0,0
1708583015, 390348111,117580768,4096,-0.0,0
1708583015, 390348111,117580776,4096,-0.0,0
1708583015, 390349184,117580784,4096,-0.0,0
1708583015, 390349184,117580792,4096,-0.0,0
1708583015, 390353478,117580800,4096,-0.0,0
1708583015, 390353478,117580808,4096,-0.0,0
1708583015, 390354552,117580816,4096,-0.0,0
1708583015, 390354552,117580824,4096,-0.0,0
1708583015, 390354552,117580832,4096,-0.0,0
1708583015, 390355625,117580840,4096,-0.0,0
1708583015, 390355625,117580848,4096,-0.0,0
1708583015, 390355625,117580856,4096,-0.0,0
1708583015, 390355625,117580864,4096,-0.0,0
1708583015, 390356699,117580872,4096,-0.0,0
1708583015, 390356699,117580880,4096,-0.0,0
1708583015, 390357772,117580888,4096,-0.0,0
1708583015, 390357772,117580896,4096,-0.0,0
1708583015, 390357772,117580904,4096,-0.0,0
1708583015, 390358846,117580912,4096,-0.0,0
1708583015, 390358846,117580920,4096,-0.0,0
1708583015, 390410374,117580928,4096,-0.0,0
1708583015, 390411447,117580936,4096,-0.0,0
1708583015, 390411447,117580944,4096,-0.0,0
1708583015, 390411447,117580952,4096,-0.0,0
1708583015, 390412521,117580960,4096,-0.0,0
1708583015, 390412521,117580968,4096,-0.0,0
1708583015, 390412521,117580976,4096,-0.0,0
1708583015, 390413594,117580984,4096,-0.0,0
1708583015, 390413594,117580992,4096,-0.0,0
1708583015, 390414668,117581000,4096,-0.0,0
1708583015, 390414668,117581008,4096,-0.0,0
1708583015, 390414668,117581016,4096,-0.0,0
1708583015, 390415741,117581024,4096,-0.0,0
1708583015, 390415741,117581032,4096,-0.0,0
1708583015, 390415741,117581040,4096,-0.0,0
1708583015, 390415741,117581048,4096,-0.0,0
1708583015, 390427550,117581056,4096,-0.0,0
1708583015, 390427550,117581064,4096,-0.0,0
1708583015, 390428623,117581072,4096,-0.0,0
1708583015, 390428623,117581080,4096,-0.0,0
1708583015, 390429697,117581088,4096,-0.0,0
1708583015, 390429697,117581096,4096,-0.0,0
1708583015, 390429697,117581104,4096,-0.0,0
1708583015, 390430770,117581112,4096,-0.0,0
1708583015, 390430770,117581120,4096,-0.0,0
1708583015, 390430770,117581128,4096,-0.0,0
1708583015, 390431844,117581136,4096,-0.0,0
1708583015, 390431844,117581144,4096,-0.0,0
1708583015, 390431844,117581152,4096,-0.0,0
1708583015, 390431844,117581160,4096,-0.0,0
1708583015, 390432917,117581168,4096,-0.0,0
1708583015, 390432917,117581176,4096,-0.0,0
1708583015, 390574619,117581184,4096,-0.0,0
1708583015, 390574619,117581192,4096,-0.0,0
1708583015, 390574619,117581200,4096,-0.0,0
1708583015, 390575693,117581208,4096,-0.0,0
1708583015, 390575693,117581216,4096,-0.0,0
1708583015, 390575693,117581224,4096,-0.0,0
1708583015, 390576766,117581232,4096,-0.0,0
1708583015, 390576766,117581240,4096,-0.0,0
1708583015, 390576766,117581248,4096,-0.0,0
1708583015, 390577840,117581256,4096,-0.0,0
1708583015, 390577840,117581264,4096,-0.0,0
1708583015, 390577840,117581272,4096,-0.0,0
1708583015, 390578913,117581280,4096,-0.0,0
1708583015, 390578913,117581288,4096,-0.0,0
1708583015, 390578913,117581296,4096,-0.0,0
1708583015, 390578913,117581304,4096,-0.0,0
1708583015, 390585354,117581312,4096,-0.0,0
1708583015, 390585354,117581320,4096,-0.0,0
1708583015, 390586428,117581328,4096,-0.0,0
1708583015, 390586428,117581336,4096,-0.0,0
1708583015, 390586428,117581344,4096,-0.0,0
1708583015, 390586428,117581352,4096,-0.0,0
1708583015, 390587501,117581360,4096,-0.0,0
1708583015, 390587501,117581368,4096,-0.0,0
1708583015, 390587501,117581376,4096,-0.0,0
1708583015, 390588575,117581384,4096,-0.0,0
1708583015, 390588575,117581392,4096,-0.0,0
1708583015, 390588575,117581400,4096,-0.0,0
1708583015, 390588575,117581408,4096,-0.0,0
1708583015, 390589648,117581416,4096,-0.0,0
1708583015, 390589648,117581424,4096,-0.0,0
1708583015, 390589648,117581432,4096,-0.0,0
1708583015, 390639029,117581440,4096,-0.0,0
1708583015, 390640103,117581448,4096,-0.0,0
1708583015, 390640103,117581456,4096,-0.0,0
1708583015, 390640103,117581464,4096,-0.0,0
1708583015, 390641176,117581472,4096,-0.0,0
1708583015, 390641176,117581480,4096,-0.0,0
1708583015, 390642250,117581488,4096,-0.0,0
1708583015, 390642250,117581496,4096,-0.0,0
1708583015, 390642250,117581504,4096,-0.0,0
1708583015, 390643323,117581512,4096,-0.0,0
1708583015, 390643323,117581520,4096,-0.0,0
1708583015, 390643323,117581528,4096,-0.0,0
1708583015, 390643323,117581536,4096,-0.0,0
1708583015, 390644397,117581544,4096,-0.0,0
1708583015, 390644397,117581552,4096,-0.0,0
1708583015, 390644397,117581560,4096,-0.0,0
1708583015, 390650838,117581568,4096,-0.0,0
1708583015, 390650838,117581576,4096,-0.0,0
1708583015, 390650838,117581584,4096,-0.0,0
1708583015, 390651911,117581592,4096,-0.0,0
1708583015, 390651911,117581600,4096,-0.0,0
1708583015, 390651911,117581608,4096,-0.0,0
1708583015, 390652985,117581616,4096,-0.0,0
1708583015, 390652985,117581624,4096,-0.0,0
1708583015, 390652985,117581632,4096,-0.0,0
1708583015, 390654058,117581640,4096,-0.0,0
1708583015, 390654058,117581648,4096,-0.0,0
1708583015, 390654058,117581656,4096,-0.0,0
1708583015, 390654058,117581664,4096,-0.0,0
1708583015, 390655132,117581672,4096,-0.0,0
1708583015, 390655132,117581680,4096,-0.0,0
1708583015, 390656205,117581688,4096,-0.0,0
1708583015, 392561668,117581696,4096,0.5059791834829247,0
1708583015, 392562741,117581704,4096,0.5024918906309229,0
1708583015, 392562741,117581712,4096,0.5938493985028455,0
1708583015, 392562741,117581720,4096,0.502784288222982,0
1708583015, 392563815,117581728,4096,0.5042368774710808,0
1708583015, 392563815,117581736,4096,0.6196709857449235,0
1708583015, 392563815,117581744,4096,0.549442875416471,0
1708583015, 392564888,117581752,4096,0.5141943664472974,0
1708583015, 392564888,117581760,4096,0.5248345889189059,0
1708583015, 392564888,117581768,4096,0.48503727531668617,0
1708583015, 392565962,117581776,4096,0.46475092026678755,0
1708583015, 392565962,117581784,4096,0.5428087587374927,0
1708583015, 392565962,117581792,4096,0.5881960436744273,0
1708583015, 392567035,117581800,4096,0.532053759747807,0
1708583015, 392567035,117581808,4096,0.5660756985388021,0
1708583015, 392567035,117581816,4096,0.5382040093190542,0
1708583015, 392574550,117581824,4096,0.6298802200205994,0
1708583015, 392575623,117581832,4096,0.5440732947135501,0
1708583015, 392575623,117581840,4096,0.5947718524610809,0
1708583015, 392575623,117581848,4096,0.6658486520645355,0
1708583015, 392575623,117581856,4096,0.5829444698475614,0
1708583015, 392576697,117581864,4096,0.5967002733508686,0
1708583015, 392576697,117581872,4096,0.6155426302888405,0
1708583015, 392576697,117581880,4096,0.4784419430856747,0
1708583015, 392577770,117581888,4096,0.5853766422353072,0
1708583015, 392577770,117581896,4096,0.6193990061651004,0
1708583015, 392577770,117581904,4096,0.5996807657781834,0
1708583015, 392578844,117581912,4096,0.6320502351206,0
1708583015, 392578844,117581920,4096,0.6234176139299299,0
1708583015, 392578844,117581928,4096,0.6763714966058415,0
1708583015, 392578844,117581936,4096,0.6405567689193351,0
1708583015, 392579917,117581944,4096,0.6577463511911074,0
1708583015, 392627151,117581952,4096,0.6044075489303264,0
1708583015, 392627151,117581960,4096,0.6335763040560675,0
1708583015, 392628225,117581968,4096,0.61834077185908,0
1708583015, 392628225,117581976,4096,0.49219617547701516,0
1708583015, 392628225,117581984,4096,0.5373959522710494,0
1708583015, 392629298,117581992,4096,0.503098716202472,0
1708583015, 392629298,117582000,4096,0.4648045986477639,0
1708583015, 392630372,117582008,4096,0.5438137827269224,0
1708583015, 392630372,117582016,4096,0.47926033580998717,0
1708583015, 392630372,117582024,4096,0.6040342320230054,0
1708583015, 392631445,117582032,4096,0.4877674339858666,0
1708583015, 392631445,117582040,4096,0.4479173012004717,0
1708583015, 392632519,117582048,4096,0.5429856546571027,0
1708583015, 392632519,117582056,4096,0.5740131045266048,0
1708583015, 392632519,117582064,4096,0.6217820970196114,0
1708583015, 392633592,117582072,4096,0.6147726307426861,0
1708583015, 392638960,117582080,4096,0.5487965559209067,0
1708583015, 392638960,117582088,4096,0.5777986627446622,0
1708583015, 392640033,117582096,4096,0.5186937042305927,0
1708583015, 392640033,117582104,4096,0.1813234673080208,0
1708583015, 392640033,117582112,4096,-0.0,0
1708583015, 392640033,117582120,4096,-0.0,0
1708583015, 392641107,117582128,4096,-0.0,0
1708583015, 392641107,117582136,4096,-0.0,0
1708583015, 392641107,117582144,4096,-0.0,0
1708583015, 392642180,117582152,4096,-0.0,0
1708583015, 392642180,117582160,4096,-0.0,0
1708583015, 392642180,117582168,4096,-0.0,0
1708583015, 392643254,117582176,4096,-0.0,0
1708583015, 392643254,117582184,4096,-0.0,0
1708583015, 392643254,117582192,4096,-0.0,0
1708583015, 392643254,117582200,4096,-0.0,0
1708583015, 392688341,117582208,4096,-0.0,0
1708583015, 392688341,117582216,4096,-0.0,0
1708583015, 392688341,117582224,4096,-0.0,0
1708583015, 392689414,117582232,4096,-0.0,0
1708583015, 392689414,117582240,4096,-0.0,0
1708583015, 392689414,117582248,4096,-0.0,0
1708583015, 392689414,117582256,4096,-0.0,0
1708583015, 392690488,117582264,4096,-0.0,0
1708583015, 392690488,117582272,4096,-0.0,0
1708583015, 392690488,117582280,4096,-0.0,0
1708583015, 392691561,117582288,4096,-0.0,0
1708583015, 392691561,117582296,4096,-0.0,0
1708583015, 392691561,117582304,4096,-0.0,0
1708583015, 392692635,117582312,4096,-0.0,0
1708583015, 392692635,117582320,4096,-0.0,0
1708583015, 392692635,117582328,4096,-0.0,0
1708583015, 392699076,117582336,4096,-0.0,0
1708583015, 392699076,117582344,4096,-0.0,0
1708583015, 392699076,117582352,4096,-0.0,0
1708583015, 392699076,117582360,4096,-0.0,0
1708583015, 392700149,117582368,4096,-0.0,0
1708583015, 392700149,117582376,4096,-0.0,0
1708583015, 392700149,117582384,4096,-0.0,0
1708583015, 392701223,117582392,4096,-0.0,0
1708583015, 392701223,117582400,4096,-0.0,0
1708583015, 392701223,117582408,4096,-0.0,0
1708583015, 392702296,117582416,4096,-0.0,0
1708583015, 392702296,117582424,4096,-0.0,0
1708583015, 392702296,117582432,4096,-0.0,0
1708583015, 392702296,117582440,4096,-0.0,0
1708583015, 392703370,117582448,4096,-0.0,0
1708583015, 392703370,117582456,4096,-0.0,0
1708583015, 392748457,117582464,4096,-0.0,0
1708583015, 392748457,117582472,4096,-0.0,0
1708583015, 392748457,117582480,4096,-0.0,0
1708583015, 392749530,117582488,4096,-0.0,0
1708583015, 392749530,117582496,4096,-0.0,0
1708583015, 392749530,117582504,4096,-0.0,0
1708583015, 392749530,117582512,4096,-0.0,0
1708583015, 392750604,117582520,4096,-0.0,0
1708583015, 392750604,117582528,4096,-0.0,0
1708583015, 392750604,117582536,4096,-0.0,0
1708583015, 392751677,117582544,4096,-0.0,0
1708583015, 392751677,117582552,4096,-0.0,0
1708583015, 392751677,117582560,4096,-0.0,0
1708583015, 392752751,117582568,4096,-0.0,0
1708583015, 392752751,117582576,4096,-0.0,0
1708583015, 392752751,117582584,4096,-0.0,0
1708583015, 392758118,117582592,4096,-0.0,0
1708583015, 392759192,117582600,4096,-0.0,0
1708583015, 392759192,117582608,4096,-0.0,0
1708583015, 392759192,117582616,4096,-0.0,0
1708583015, 392760265,117582624,4096,-0.0,0
1708583015, 392760265,117582632,4096,-0.0,0
1708583015, 392761339,117582640,4096,-0.0,0
1708583015, 392761339,117582648,4096,-0.0,0
1708583015, 392761339,117582656,4096,-0.0,0
1708583015, 392762412,117582664,4096,-0.0,0
1708583015, 392762412,117582672,4096,-0.0,0
1708583015, 392762412,117582680,4096,-0.0,0
1708583015, 392763486,117582688,4096,-0.0,0
1708583015, 392763486,117582696,4096,-0.0,0
1708583015, 392763486,117582704,4096,-0.0,0
1708583015, 392763486,117582712,4096,-0.0,0
1708583015, 392807499,117582720,4096,-0.0,0
1708583015, 392808573,117582728,4096,-0.0,0
1708583015, 392808573,117582736,4096,-0.0,0
1708583015, 392808573,117582744,4096,-0.0,0
1708583015, 392808573,117582752,4096,-0.0,0
1708583015, 392809646,117582760,4096,-0.0,0
1708583015, 392809646,117582768,4096,-0.0,0
1708583015, 392809646,117582776,4096,-0.0,0
1708583015, 392809646,117582784,4096,-0.0,0
1708583015, 392810720,117582792,4096,-0.0,0
1708583015, 392810720,117582800,4096,-0.0,0
1708583015, 392810720,117582808,4096,-0.0,0
1708583015, 392811793,117582816,4096,-0.0,0
1708583015, 392811793,117582824,4096,-0.0,0
1708583015, 392811793,117582832,4096,-0.0,0
1708583015, 392812867,117582840,4096,-0.0,0
1708583015, 392817161,117582848,4096,-0.0,0
1708583015, 392818234,117582856,4096,-0.0,0
1708583015, 392818234,117582864,4096,-0.0,0
1708583015, 392819308,117582872,4096,-0.0,0
1708583015, 392819308,117582880,4096,-0.0,0
1708583015, 392819308,117582888,4096,-0.0,0
1708583015, 392820381,117582896,4096,-0.0,0
1708583015, 392820381,117582904,4096,-0.0,0
1708583015, 392821455,117582912,4096,-0.0,0
1708583015, 392821455,117582920,4096,-0.0,0
1708583015, 392822528,117582928,4096,-0.0,0
1708583015, 392822528,117582936,4096,-0.0,0
1708583015, 392823602,117582944,4096,-0.0,0
1708583015, 392823602,117582952,4096,-0.0,0
1708583015, 392824675,117582960,4096,-0.0,0
1708583015, 392824675,117582968,4096,-0.0,0
1708583015, 392876203,117582976,4096,-0.0,0
1708583015, 392876203,117582984,4096,-0.0,0
1708583015, 392876203,117582992,4096,-0.0,0
1708583015, 392877277,117583000,4096,-0.0,0
1708583015, 392877277,117583008,4096,-0.0,0
1708583015, 392877277,117583016,4096,-0.0,0
1708583015, 392878350,117583024,4096,-0.0,0
1708583015, 392878350,117583032,4096,-0.0,0
1708583015, 392879424,117583040,4096,-0.0,0
1708583015, 392880497,117583048,4096,-0.0,0
1708583015, 392880497,117583056,4096,-0.0,0
1708583015, 392880497,117583064,4096,-0.0,0
1708583015, 392881571,117583072,4096,-0.0,0
1708583015, 392881571,117583080,4096,-0.0,0
1708583015, 392881571,117583088,4096,-0.0,0
1708583015, 392882644,117583096,4096,-0.0,0
1708583015, 392892306,117583104,4096,-0.0,0
1708583015, 392893379,117583112,4096,-0.0,0
1708583015, 392893379,117583120,4096,-0.0,0
1708583015, 392894453,117583128,4096,-0.0,0
1708583015, 392894453,117583136,4096,-0.0,0
1708583015, 392894453,117583144,4096,-0.0,0
1708583015, 392895526,117583152,4096,-0.0,0
1708583015, 392895526,117583160,4096,-0.0,0
1708583015, 392895526,117583168,4096,-0.0,0
1708583015, 392896600,117583176,4096,-0.0,0
1708583015, 392896600,117583184,4096,-0.0,0
1708583015, 392896600,117583192,4096,-0.0,0
1708583015, 392897673,117583200,4096,-0.0,0
1708583015, 392897673,117583208,4096,-0.0,0
1708583015, 392897673,117583216,4096,-0.0,0
1708583015, 392898747,117583224,4096,-0.0,0
1708583015, 392937393,117583232,4096,-0.0,0
1708583015, 392937393,117583240,4096,-0.0,0
1708583015, 392937393,117583248,4096,-0.0,0
1708583015, 392937393,117583256,4096,-0.0,0
1708583015, 392938466,117583264,4096,-0.0,0
1708583015, 392938466,117583272,4096,-0.0,0
1708583015, 392938466,117583280,4096,-0.0,0
1708583015, 392938466,117583288,4096,-0.0,0
1708583015, 392939540,117583296,4096,-0.0,0
1708583015, 392939540,117583304,4096,-0.0,0
1708583015, 392940613,117583312,4096,-0.0,0
1708583015, 392940613,117583320,4096,-0.0,0
1708583015, 392940613,117583328,4096,-0.0,0
1708583015, 392941687,117583336,4096,-0.0,0
1708583015, 392941687,117583344,4096,-0.0,0
1708583015, 392941687,117583352,4096,-0.0,0
1708583015, 392947054,117583360,4096,-0.0,0
1708583015, 392947054,117583368,4096,-0.0,0
1708583015, 392947054,117583376,4096,-0.0,0
1708583015, 392947054,117583384,4096,-0.0,0
1708583015, 392948128,117583392,4096,-0.0,0
1708583015, 392948128,117583400,4096,-0.0,0
1708583015, 392948128,117583408,4096,-0.0,0
1708583015, 392949201,117583416,4096,-0.0,0
1708583015, 392949201,117583424,4096,-0.0,0
1708583015, 392949201,117583432,4096,-0.0,0
1708583015, 392950275,117583440,4096,-0.0,0
1708583015, 392950275,117583448,4096,-0.0,0
1708583015, 392950275,117583456,4096,-0.0,0
1708583015, 392950275,117583464,4096,-0.0,0
1708583015, 392951348,117583472,4096,-0.0,0
1708583015, 392951348,117583480,4096,-0.0,0
1708583015, 393090903,117583488,4096,-0.0,0
1708583015, 393090903,117583496,4096,-0.0,0
1708583015, 393090903,117583504,4096,-0.0,0
1708583015, 393091977,117583512,4096,-0.0,0
1708583015, 393091977,117583520,4096,-0.0,0
1708583015, 393091977,117583528,4096,-0.0,0
1708583015, 393093050,117583536,4096,-0.0,0
1708583015, 393093050,117583544,4096,-0.0,0
1708583015, 393093050,117583552,4096,-0.0,0
1708583015, 393094124,117583560,4096,-0.0,0
1708583015, 393094124,117583568,4096,-0.0,0
1708583015, 393094124,117583576,4096,-0.0,0
1708583015, 393095197,117583584,4096,-0.0,0
1708583015, 393095197,117583592,4096,-0.0,0
1708583015, 393095197,117583600,4096,-0.0,0
1708583015, 393096271,117583608,4096,-0.0,0
1708583015, 393100565,117583616,4096,-0.0,0
1708583015, 393100565,117583624,4096,-0.0,0
1708583015, 393101638,117583632,4096,-0.0,0
1708583015, 393101638,117583640,4096,-0.0,0
1708583015, 393101638,117583648,4096,-0.0,0
1708583015, 393102712,117583656,4096,-0.0,0
1708583015, 393102712,117583664,4096,-0.0,0
1708583015, 393102712,117583672,4096,-0.0,0
1708583015, 393102712,117583680,4096,-0.0,0
1708583015, 393103785,117583688,4096,-0.0,0
1708583015, 393103785,117583696,4096,-0.0,0
1708583015, 393103785,117583704,4096,-0.0,0
1708583015, 393104859,117583712,4096,-0.0,0
1708583015, 393104859,117583720,4096,-0.0,0
1708583015, 393105932,117583728,4096,-0.0,0
1708583015, 393105932,117583736,4096,-0.0,0
1708583015, 395024277,117583744,4096,0.5326444571914949,0
1708583015, 395024277,117583752,4096,0.5277759567960574,0
1708583015, 395025350,117583760,4096,0.5862677584774172,0
1708583015, 395025350,117583768,4096,0.5870951006010832,0
1708583015, 395025350,117583776,4096,0.5865852677498226,0
1708583015, 395025350,117583784,4096,0.582985972863241,0
1708583015, 395026424,117583792,4096,0.5856357239173613,0
1708583015, 395026424,117583800,4096,0.5759809037926421,0
1708583015, 395027497,117583808,4096,0.5687637905466173,0
1708583015, 395027497,117583816,4096,0.5696690619018303,0
1708583015, 395028571,117583824,4096,0.5867197882412016,0
1708583015, 395028571,117583832,4096,0.5773438763524466,0
1708583015, 395028571,117583840,4096,0.574922477966106,0
1708583015, 395028571,117583848,4096,0.5592390958798056,0
1708583015, 395029644,117583856,4096,0.5825819475791512,0
1708583015, 395029644,117583864,4096,0.5494074150066348,0
1708583015, 395040379,117583872,4096,0.5810439917602186,0
1708583015, 395040379,117583880,4096,0.5772930043768566,0
1708583015, 395041453,117583888,4096,0.5807100460427561,0
1708583015, 395041453,117583896,4096,0.5543947872785139,0
1708583015, 395042526,117583904,4096,0.5549997866141864,0
1708583015, 395042526,117583912,4096,0.5844353101851162,0
1708583015, 395042526,117583920,4096,0.6036424517532015,0
1708583015, 395043600,117583928,4096,0.4935887444258185,0
1708583015, 395043600,117583936,4096,0.5822517392563492,0
1708583015, 395043600,117583944,4096,0.5919425729248357,0
1708583015, 395044673,117583952,4096,0.6467099647630572,0
1708583015, 395044673,117583960,4096,0.5597235828345036,0
1708583015, 395044673,117583968,4096,0.5745955607419502,0
1708583015, 395044673,117583976,4096,0.5243651919046419,0
1708583015, 395045747,117583984,4096,0.5874984495702196,0
1708583015, 395045747,117583992,4096,0.6510520322426482,0
1708583015, 395092981,117584000,4096,0.617441535996722,0
1708583015, 395094054,117584008,4096,0.7156580838586203,0
1708583015, 395094054,117584016,4096,0.5967465326172434,0
1708583015, 395094054,117584024,4096,0.5298497747004435,0
1708583015, 395094054,117584032,4096,0.5137438329093756,0
1708583015, 395095128,117584040,4096,0.4830158216482056,0
1708583015, 395095128,117584048,4096,0.4797690466158467,0
1708583015, 395096201,117584056,4096,0.48468854017510415,0
1708583015, 395096201,117584064,4096,0.47947873057566914,0
1708583015, 395096201,117584072,4096,0.49517758924624955,0
1708583015, 395097275,117584080,4096,0.6640019602165321,0
1708583015, 395097275,117584088,4096,0.7073379185126443,0
1708583015, 395098348,117584096,4096,0.5738041781100632,0
1708583015, 395098348,117584104,4096,0.5805603569775754,0
1708583015, 395098348,117584112,4096,0.6202586198418704,0
1708583015, 395099422,117584120,4096,0.3989688011533765,0
1708583015, 395105863,117584128,4096,0.36946700322426723,0
1708583015, 395105863,117584136,4096,0.3697392482750627,0
1708583015, 395106936,117584144,4096,0.5297641705444267,0
1708583015, 395106936,117584152,4096,0.5362206552223209,0
1708583015, 395106936,117584160,4096,0.48429510907328044,0
1708583015, 395106936,117584168,4096,0.48291945496604344,0
1708583015, 395108010,117584176,4096,0.4750668091098111,0
1708583015, 395108010,117584184,4096,0.4816357325128053,0
1708583015, 395108010,117584192,4096,0.6169144777484376,0
1708583015, 395109083,117584200,4096,0.5570071574892844,0
1708583015, 395109083,117584208,4096,0.6149301538165439,0
1708583015, 395109083,117584216,4096,0.5501425003632442,0
1708583015, 395110157,117584224,4096,0.6022022474449832,0
1708583015, 395110157,117584232,4096,0.49312102156022514,0
1708583015, 395110157,117584240,4096,0.5015201146313898,0
1708583015, 395110157,117584248,4096,0.5434787962612022,0
1708583015, 395156317,117584256,4096,0.5541849434174551,0
1708583015, 395156317,117584264,4096,0.6665389494686407,0
1708583015, 395156317,117584272,4096,0.7080945635094502,0
1708583015, 395157391,117584280,4096,0.6520958437917024,0
1708583015, 395157391,117584288,4096,0.5308463634515941,0
1708583015, 395157391,117584296,4096,0.5363226333463874,0
1708583015, 395158464,117584304,4096,-0.0,0
1708583015, 395158464,117584312,4096,-0.0,0
1708583015, 395158464,117584320,4096,-0.0,0
1708583015, 395159538,117584328,4096,-0.0,0
1708583015, 395159538,117584336,4096,-0.0,0
1708583015, 395160611,117584344,4096,-0.0,0
1708583015, 395160611,117584352,4096,-0.0,0
1708583015, 395161685,117584360,4096,-0.0,0
1708583015, 395161685,117584368,4096,-0.0,0
1708583015, 395162758,117584376,4096,-0.0,0
1708583015, 395167052,117584384,4096,-0.0,0
1708583015, 395167052,117584392,4096,-0.0,0
1708583015, 395168126,117584400,4096,-0.0,0
1708583015, 395168126,117584408,4096,-0.0,0
1708583015, 395168126,117584416,4096,-0.0,0
1708583015, 395169199,117584424,4096,-0.0,0
1708583015, 395169199,117584432,4096,-0.0,0
1708583015, 395169199,117584440,4096,-0.0,0
1708583015, 395170273,117584448,4096,-0.0,0
1708583015, 395170273,117584456,4096,-0.0,0
1708583015, 395170273,117584464,4096,-0.0,0
1708583015, 395171346,117584472,4096,-0.0,0
1708583015, 395171346,117584480,4096,-0.0,0
1708583015, 395171346,117584488,4096,-0.0,0
1708583015, 395171346,117584496,4096,-0.0,0
1708583015, 395172420,117584504,4096,-0.0,0
1708583015, 395215360,117584512,4096,-0.0,0
1708583015, 395216433,117584520,4096,-0.0,0
1708583015, 395216433,117584528,4096,-0.0,0
1708583015, 395216433,117584536,4096,-0.0,0
1708583015, 395217507,117584544,4096,-0.0,0
1708583015, 395217507,117584552,4096,-0.0,0
1708583015, 395217507,117584560,4096,-0.0,0
1708583015, 395217507,117584568,4096,-0.0,0
1708583015, 395218580,117584576,4096,-0.0,0
1708583015, 395218580,117584584,4096,-0.0,0
1708583015, 395218580,117584592,4096,-0.0,0
1708583015, 395219654,117584600,4096,-0.0,0
1708583015, 395219654,117584608,4096,-0.0,0
1708583015, 395220727,117584616,4096,-0.0,0
1708583015, 395220727,117584624,4096,-0.0,0
1708583015, 395221801,117584632,4096,-0.0,0
1708583015, 395226095,117584640,4096,-0.0,0
1708583015, 395227168,117584648,4096,-0.0,0
1708583015, 395227168,117584656,4096,-0.0,0
1708583015, 395228242,117584664,4096,-0.0,0
1708583015, 395228242,117584672,4096,-0.0,0
1708583015, 395229315,117584680,4096,-0.0,0
1708583015, 395229315,117584688,4096,-0.0,0
1708583015, 395230389,117584696,4096,-0.0,0
1708583015, 395230389,117584704,4096,-0.0,0
1708583015, 395230389,117584712,4096,-0.0,0
1708583015, 395231462,117584720,4096,-0.0,0
1708583015, 395231462,117584728,4096,-0.0,0
1708583015, 395232536,117584736,4096,-0.0,0
1708583015, 395232536,117584744,4096,-0.0,0
1708583015, 395233609,117584752,4096,-0.0,0
1708583015, 395233609,117584760,4096,-0.0,0
1708583015, 395284064,117584768,4096,-0.0,0
1708583015, 395285137,117584776,4096,-0.0,0
1708583015, 395285137,117584784,4096,-0.0,0
1708583015, 395285137,117584792,4096,-0.0,0
1708583015, 395285137,117584800,4096,-0.0,0
1708583015, 395286211,117584808,4096,-0.0,0
1708583015, 395286211,117584816,4096,-0.0,0
1708583015, 395287284,117584824,4096,-0.0,0
1708583015, 395287284,117584832,4096,-0.0,0
1708583015, 395287284,117584840,4096,-0.0,0
1708583015, 395288358,117584848,4096,-0.0,0
1708583015, 395288358,117584856,4096,-0.0,0
1708583015, 395289431,117584864,4096,-0.0,0
1708583015, 395289431,117584872,4096,-0.0,0
1708583015, 395290505,117584880,4096,-0.0,0
1708583015, 395290505,117584888,4096,-0.0,0
1708583015, 395294799,117584896,4096,-0.0,0
1708583015, 395295872,117584904,4096,-0.0,0
1708583015, 395295872,117584912,4096,-0.0,0
1708583015, 395295872,117584920,4096,-0.0,0
1708583015, 395296946,117584928,4096,-0.0,0
1708583015, 395296946,117584936,4096,-0.0,0
1708583015, 395296946,117584944,4096,-0.0,0
1708583015, 395298019,117584952,4096,-0.0,0
1708583015, 395298019,117584960,4096,-0.0,0
1708583015, 395298019,117584968,4096,-0.0,0
1708583015, 395298019,117584976,4096,-0.0,0
1708583015, 395299093,117584984,4096,-0.0,0
1708583015, 395299093,117584992,4096,-0.0,0
1708583015, 395300166,117585000,4096,-0.0,0
1708583015, 395300166,117585008,4096,-0.0,0
1708583015, 395300166,117585016,4096,-0.0,0
1708583015, 395351694,117585024,4096,-0.0,0
1708583015, 395352768,117585032,4096,-0.0,0
1708583015, 395352768,117585040,4096,-0.0,0
1708583015, 395353841,117585048,4096,-0.0,0
1708583015, 395353841,117585056,4096,-0.0,0
1708583015, 395353841,117585064,4096,-0.0,0
1708583015, 395354915,117585072,4096,-0.0,0
1708583015, 395354915,117585080,4096,-0.0,0
1708583015, 395355988,117585088,4096,-0.0,0
1708583015, 395355988,117585096,4096,-0.0,0
1708583015, 395357062,117585104,4096,-0.0,0
1708583015, 395357062,117585112,4096,-0.0,0
1708583015, 395358135,117585120,4096,-0.0,0
1708583015, 395358135,117585128,4096,-0.0,0
1708583015, 395358135,117585136,4096,-0.0,0
1708583015, 395359209,117585144,4096,-0.0,0
1708583015, 395371017,117585152,4096,-0.0,0
1708583015, 395371017,117585160,4096,-0.0,0
1708583015, 395371017,117585168,4096,-0.0,0
1708583015, 395372091,117585176,4096,-0.0,0
1708583015, 395372091,117585184,4096,-0.0,0
1708583015, 395372091,117585192,4096,-0.0,0
1708583015, 395373164,117585200,4096,-0.0,0
1708583015, 395373164,117585208,4096,-0.0,0
1708583015, 395374238,117585216,4096,-0.0,0
1708583015, 395374238,117585224,4096,-0.0,0
1708583015, 395374238,117585232,4096,-0.0,0
1708583015, 395375311,117585240,4096,-0.0,0
1708583015, 395375311,117585248,4096,-0.0,0
1708583015, 395375311,117585256,4096,-0.0,0
1708583015, 395375311,117585264,4096,-0.0,0
1708583015, 395376385,117585272,4096,-0.0,0
1708583015, 395512719,117585280,4096,-0.0,0
1708583015, 395512719,117585288,4096,-0.0,0
1708583015, 395513793,117585296,4096,-0.0,0
1708583015, 395513793,117585304,4096,-0.0,0
1708583015, 395513793,117585312,4096,-0.0,0
1708583015, 395514866,117585320,4096,-0.0,0
1708583015, 395514866,117585328,4096,-0.0,0
1708583015, 395514866,117585336,4096,-0.0,0
1708583015, 395514866,117585344,4096,-0.0,0
1708583015, 395515940,117585352,4096,-0.0,0
1708583015, 395515940,117585360,4096,-0.0,0
1708583015, 395515940,117585368,4096,-0.0,0
1708583015, 395517013,117585376,4096,-0.0,0
1708583015, 395517013,117585384,4096,-0.0,0
1708583015, 395517013,117585392,4096,-0.0,0
1708583015, 395518087,117585400,4096,-0.0,0
1708583015, 395523454,117585408,4096,-0.0,0
1708583015, 395523454,117585416,4096,-0.0,0
1708583015, 395524528,117585424,4096,-0.0,0
1708583015, 395524528,117585432,4096,-0.0,0
1708583015, 395524528,117585440,4096,-0.0,0
1708583015, 395525601,117585448,4096,-0.0,0
1708583015, 395525601,117585456,4096,-0.0,0
1708583015, 395525601,117585464,4096,-0.0,0
1708583015, 395526675,117585472,4096,-0.0,0
1708583015, 395526675,117585480,4096,-0.0,0
1708583015, 395526675,117585488,4096,-0.0,0
1708583015, 395527748,117585496,4096,-0.0,0
1708583015, 395527748,117585504,4096,-0.0,0
1708583015, 395527748,117585512,4096,-0.0,0
1708583015, 395527748,117585520,4096,-0.0,0
1708583015, 395528822,117585528,4096,-0.0,0
1708583015, 395576056,117585536,4096,-0.0,0
1708583015, 395576056,117585544,4096,-0.0,0
1708583015, 395577129,117585552,4096,-0.0,0
1708583015, 395577129,117585560,4096,-0.0,0
1708583015, 395578203,117585568,4096,-0.0,0
1708583015, 395578203,117585576,4096,-0.0,0
1708583015, 395578203,117585584,4096,-0.0,0
1708583015, 395579276,117585592,4096,-0.0,0
1708583015, 395579276,117585600,4096,-0.0,0
1708583015, 395579276,117585608,4096,-0.0,0
1708583015, 395579276,117585616,4096,-0.0,0
1708583015, 395580350,117585624,4096,-0.0,0
1708583015, 395580350,117585632,4096,-0.0,0
1708583015, 395580350,117585640,4096,-0.0,0
1708583015, 395581423,117585648,4096,-0.0,0
1708583015, 395581423,117585656,4096,-0.0,0
1708583015, 395585717,117585664,4096,-0.0,0
1708583015, 395585717,117585672,4096,-0.0,0
1708583015, 395586791,117585680,4096,-0.0,0
1708583015, 395586791,117585688,4096,-0.0,0
1708583015, 395586791,117585696,4096,-0.0,0
1708583015, 395587864,117585704,4096,-0.0,0
1708583015, 395587864,117585712,4096,-0.0,0
1708583015, 395587864,117585720,4096,-0.0,0
1708583015, 395587864,117585728,4096,-0.0,0
1708583015, 395588938,117585736,4096,-0.0,0
1708583015, 395588938,117585744,4096,-0.0,0
1708583015, 395588938,117585752,4096,-0.0,0
1708583015, 395590011,117585760,4096,-0.0,0
1708583015, 395590011,117585768,4096,-0.0,0
1708583015, 395590011,117585776,4096,-0.0,0
1708583015, 395590011,117585784,4096,-0.0,0
1708583015, 397540561,117585792,4096,0.5397718833514623,0
1708583015, 397540561,117585800,4096,0.6065638036996692,0
1708583015, 397541634,117585808,4096,0.5459215213679701,0
1708583015, 397541634,117585816,4096,0.6187455728133401,0
1708583015, 397541634,117585824,4096,0.5618976837836365,0
1708583015, 397542708,117585832,4096,0.5582899525526942,0
1708583015, 397542708,117585840,4096,0.5728590194763203,0
1708583015, 397542708,117585848,4096,0.5529802498390803,0
1708583015, 397543781,117585856,4096,0.5849059631997164,0
1708583015, 397543781,117585864,4096,0.49638360043676033,0
1708583015, 397543781,117585872,4096,0.5956169428603019,0
1708583015, 397544855,117585880,4096,0.5188248270602263,0
1708583015, 397544855,117585888,4096,0.5594296658121762,0
1708583015, 397544855,117585896,4096,0.556620749459416,0
1708583015, 397544855,117585904,4096,0.5427478141639743,0
1708583015, 397545928,117585912,4096,0.6475013563319515,0
1708583015, 397553443,117585920,4096,0.6134453871012497,0
1708583015, 397554516,117585928,4096,0.5621216636812644,0
1708583015, 397554516,117585936,4096,0.635217067010258,0
1708583015, 397554516,117585944,4096,0.6049060658245292,0
1708583015, 397554516,117585952,4096,0.5969945071919995,0
1708583015, 397555590,117585960,4096,0.5368396210927322,0
1708583015, 397555590,117585968,4096,0.5954940651982171,0
1708583015, 397555590,117585976,4096,0.5473821838964782,0
1708583015, 397556663,117585984,4096,0.49076299748060526,0
1708583015, 397556663,117585992,4096,0.557575432693781,0
1708583015, 397556663,117586000,4096,0.5539592905057519,0
1708583015, 397557737,117586008,4096,0.5457033606076293,0
1708583015, 397557737,117586016,4096,0.525250809030425,0
1708583015, 397557737,117586024,4096,0.5174282842326385,0
1708583015, 397557737,117586032,4096,0.4645318601540624,0
1708583015, 397558810,117586040,4096,0.589828886880953,0
1708583015, 397608191,117586048,4096,0.6415000377843313,0
1708583015, 397608191,117586056,4096,0.5848280443537014,0
1708583015, 397608191,117586064,4096,0.5256824769000756,0
1708583015, 397608191,117586072,4096,0.5825282855340381,0
1708583015, 397609265,117586080,4096,0.5946240880089266,0
1708583015, 397609265,117586088,4096,0.5961810448386582,0
1708583015, 397609265,117586096,4096,0.6393913590581906,0
1708583015, 397610338,117586104,4096,0.5582326403245693,0
1708583015, 397610338,117586112,4096,0.5841572071928749,0
1708583015, 397610338,117586120,4096,0.6421973469902624,0
1708583015, 397611412,117586128,4096,0.5593850489690402,0
1708583015, 397611412,117586136,4096,0.5220228680964325,0
1708583015, 397611412,117586144,4096,0.5982072236321173,0
1708583015, 397612485,117586152,4096,0.6346843434509422,0
1708583015, 397612485,117586160,4096,0.4999226266845089,0
1708583015, 397612485,117586168,4096,0.5549688019112516,0
1708583015, 397621073,117586176,4096,0.5726369407509636,0
1708583015, 397621073,117586184,4096,0.5728967072057047,0
1708583015, 397621073,117586192,4096,0.551978104598615,0
1708583015, 397622147,117586200,4096,0.5793578670038072,0
1708583015, 397622147,117586208,4096,0.5090423766701485,0
1708583015, 397622147,117586216,4096,0.568824741875628,0
1708583015, 397623220,117586224,4096,0.6190554753223961,0
1708583015, 397623220,117586232,4096,0.5912277940169633,0
1708583015, 397623220,117586240,4096,0.5861605807049759,0
1708583015, 397624294,117586248,4096,0.4961431641636214,0
1708583015, 397624294,117586256,4096,0.6053806336809994,0
1708583015, 397624294,117586264,4096,0.5989145258653963,0
1708583015, 397624294,117586272,4096,0.682756501786232,0
1708583015, 397625367,117586280,4096,0.6386505511239463,0
1708583015, 397625367,117586288,4096,0.6848139058523062,0
1708583015, 397625367,117586296,4096,0.6863242959972806,0
1708583015, 397672601,117586304,4096,0.5802161892844123,0
1708583015, 397672601,117586312,4096,0.5920860147285871,0
1708583015, 397672601,117586320,4096,0.658692709696553,0
1708583015, 397672601,117586328,4096,0.6708039915084404,0
1708583015, 397673675,117586336,4096,0.5788971671184594,0
1708583015, 397673675,117586344,4096,0.5608806902985273,0
1708583015, 397673675,117586352,4096,0.6108823287455653,0
1708583015, 397674748,117586360,4096,0.4875075388161849,0
1708583015, 397674748,117586368,4096,0.6216480452703063,0
1708583015, 397674748,117586376,4096,0.6088959837561667,0
1708583015, 397675822,117586384,4096,0.572223781030819,0
1708583015, 397675822,117586392,4096,0.5628465593240767,0
1708583015, 397675822,117586400,4096,0.5979977304161104,0
1708583015, 397676895,117586408,4096,0.49149339918879975,0
1708583015, 397676895,117586416,4096,0.5466487539984514,0
1708583015, 397676895,117586424,4096,0.4818352872405241,0
1708583015, 397685483,117586432,4096,0.52057004075864,0
1708583015, 397685483,117586440,4096,0.6384087394945903,0
1708583015, 397685483,117586448,4096,0.6408747607175607,0
1708583015, 397685483,117586456,4096,0.5188410516637703,0
1708583015, 397686557,117586464,4096,0.670113840092989,0
1708583015, 397686557,117586472,4096,0.6897320674810404,0
1708583015, 397686557,117586480,4096,0.5413147894558749,0
1708583015, 397687630,117586488,4096,0.5187668660759058,0
1708583015, 397687630,117586496,4096,0.4757134874417698,0
1708583015, 397687630,117586504,4096,0.5776109766437981,0
1708583015, 397688704,117586512,4096,0.6479180056892648,0
1708583015, 397688704,117586520,4096,0.5618413886504585,0
1708583015, 397688704,117586528,4096,0.517243807764834,0
1708583015, 397689777,117586536,4096,0.5481973609256208,0
1708583015, 397689777,117586544,4096,0.6487678234332941,0
1708583015, 397689777,117586552,4096,0.5140121979003424,0
1708583015, 397737011,117586560,4096,0.5677878573736982,0
1708583015, 397738085,117586568,4096,0.6439341244284038,0
1708583015, 397738085,117586576,4096,0.5300214301850755,0
1708583015, 397738085,117586584,4096,0.5960434788423621,0
1708583015, 397738085,117586592,4096,0.5806598131891292,0
1708583015, 397739158,117586600,4096,0.6807714448062188,0
1708583015, 397739158,117586608,4096,0.567737696906876,0
1708583015, 397739158,117586616,4096,0.5409371397181824,0
1708583015, 397740232,117586624,4096,0.6493000358862945,0
1708583015, 397740232,117586632,4096,0.46780401644914027,0
1708583015, 397740232,117586640,4096,0.6366903856451192,0
1708583015, 397741305,117586648,4096,0.5893369754136694,0
1708583015, 397741305,117586656,4096,0.5485968075147404,0
1708583015, 397741305,117586664,4096,0.5799099515688477,0
1708583015, 397741305,117586672,4096,0.2765757619233188,0
1708583015, 397742379,117586680,4096,-0.0,0
1708583015, 397747746,117586688,4096,-0.0,0
1708583015, 397747746,117586696,4096,-0.0,0
1708583015, 397748820,117586704,4096,-0.0,0
1708583015, 397748820,117586712,4096,-0.0,0
1708583015, 397748820,117586720,4096,-0.0,0
1708583015, 397749893,117586728,4096,-0.0,0
1708583015, 397749893,117586736,4096,-0.0,0
1708583015, 397750967,117586744,4096,-0.0,0
1708583015, 397750967,117586752,4096,-0.0,0
1708583015, 397750967,117586760,4096,-0.0,0
1708583015, 397752040,117586768,4096,-0.0,0
1708583015, 397752040,117586776,4096,-0.0,0
1708583015, 397752040,117586784,4096,-0.0,0
1708583015, 397752040,117586792,4096,-0.0,0
1708583015, 397753114,117586800,4096,-0.0,0
1708583015, 397753114,117586808,4096,-0.0,0
1708583015, 397798201,117586816,4096,-0.0,0
1708583015, 397798201,117586824,4096,-0.0,0
1708583015, 397798201,117586832,4096,-0.0,0
1708583015, 397798201,117586840,4096,-0.0,0
1708583015, 397799274,117586848,4096,-0.0,0
1708583015, 397799274,117586856,4096,-0.0,0
1708583015, 397800348,117586864,4096,-0.0,0
1708583015, 397800348,117586872,4096,-0.0,0
1708583015, 397800348,117586880,4096,-0.0,0
1708583015, 397800348,117586888,4096,-0.0,0
1708583015, 397801421,117586896,4096,-0.0,0
1708583015, 397801421,117586904,4096,-0.0,0
1708583015, 397801421,117586912,4096,-0.0,0
1708583015, 397802495,117586920,4096,-0.0,0
1708583015, 397802495,117586928,4096,-0.0,0
1708583015, 397802495,117586936,4096,-0.0,0
1708583015, 397807862,117586944,4096,-0.0,0
1708583015, 397807862,117586952,4096,-0.0,0
1708583015, 397807862,117586960,4096,-0.0,0
1708583015, 397808936,117586968,4096,-0.0,0
1708583015, 397808936,117586976,4096,-0.0,0
1708583015, 397808936,117586984,4096,-0.0,0
1708583015, 397808936,117586992,4096,-0.0,0
1708583015, 397810009,117587000,4096,-0.0,0
1708583015, 397810009,117587008,4096,-0.0,0
1708583015, 397810009,117587016,4096,-0.0,0
1708583015, 397811083,117587024,4096,-0.0,0
1708583015, 397811083,117587032,4096,-0.0,0
1708583015, 397811083,117587040,4096,-0.0,0
1708583015, 397811083,117587048,4096,-0.0,0
1708583015, 397812156,117587056,4096,-0.0,0
1708583015, 397812156,117587064,4096,-0.0,0
1708583015, 397848655,117587072,4096,-0.0,0
1708583015, 397848655,117587080,4096,-0.0,0
1708583015, 397849729,117587088,4096,-0.0,0
1708583015, 397849729,117587096,4096,-0.0,0
1708583015, 397850802,117587104,4096,-0.0,0
1708583015, 397850802,117587112,4096,-0.0,0
1708583015, 397850802,117587120,4096,-0.0,0
1708583015, 397851876,117587128,4096,-0.0,0
1708583015, 397851876,117587136,4096,-0.0,0
1708583015, 397852949,117587144,4096,-0.0,0
1708583015, 397852949,117587152,4096,-0.0,0
1708583015, 397852949,117587160,4096,-0.0,0
1708583015, 397981769,141092384,4096,-0.0,0
1708583015, 397981769,141092392,4096,-0.0,0
1708583015, 397982843,141092400,4096,-0.0,0
1708583015, 397982843,141092408,4096,-0.0,0
1708583015, 397982843,141092416,4096,-0.0,0
1708583015, 397983916,141092424,4096,-0.0,0
1708583015, 397983916,141092432,4096,-0.0,0
1708583015, 397983916,141092440,4096,-0.0,0
1708583015, 397984990,141092448,4096,-0.0,0
1708583015, 397984990,141092456,4096,-0.0,0
1708583015, 397984990,141092464,4096,-0.0,0
1708583015, 397986063,141092472,4096,-0.0,0
1708583015, 397986063,141092480,4096,-0.0,0
1708583015, 397987137,141092488,4096,-0.0,0
1708583015, 397987137,141092496,4096,-0.0,0
1708583015, 397987137,141092504,4096,-0.0,0
1708583015, 397994651,141092512,4096,-0.0,0
1708583015, 397995725,141092520,4096,-0.0,0
1708583015, 397996798,141092528,4096,-0.0,0
1708583015, 397996798,141092536,4096,-0.0,0
1708583015, 397997872,141092544,4096,-0.0,0
1708583015, 397997872,141092552,4096,-0.0,0
1708583015, 397998945,141092560,4096,-0.0,0
1708583015, 397998945,141092568,4096,-0.0,0
1708583015, 397998945,141092576,4096,-0.0,0
1708583015, 398000019,141092584,4096,-0.0,0
1708583015, 398000019,141092592,4096,-0.0,0
1708583015, 398001092,141092600,4096,-0.0,0
1708583015, 398001092,141092608,4096,-0.0,0
1708583015, 398001092,141092616,4096,-0.0,0
1708583015, 398001092,141092624,4096,-0.0,0
1708583015, 398002166,141092632,4096,-0.0,0
1708583015, 398075164,141092640,4096,-0.0,0
1708583015, 398075164,141092648,4096,-0.0,0
1708583015, 398076237,141092656,4096,-0.0,0
1708583015, 398076237,141092664,4096,-0.0,0
1708583015, 398076237,141092672,4096,-0.0,0
1708583015, 398077311,141092680,4096,-0.0,0
1708583015, 398077311,141092688,4096,-0.0,0
1708583015, 398078384,141092696,4096,-0.0,0
1708583015, 398078384,141092704,4096,-0.0,0
1708583015, 398078384,141092712,4096,-0.0,0
1708583015, 398079458,141092720,4096,-0.0,0
1708583015, 398079458,141092728,4096,-0.0,0
1708583015, 398080531,141092736,4096,-0.0,0
1708583015, 398081605,141092744,4096,-0.0,0
1708583015, 398081605,141092752,4096,-0.0,0
1708583015, 398081605,141092760,4096,-0.0,0
1708583015, 398089119,141092768,4096,-0.0,0
1708583015, 398089119,141092776,4096,-0.0,0
1708583015, 398089119,141092784,4096,-0.0,0
1708583015, 398090193,141092792,4096,-0.0,0
1708583015, 398090193,141092800,4096,-0.0,0
1708583015, 398090193,141092808,4096,-0.0,0
1708583015, 398091266,141092816,4096,-0.0,0
1708583015, 398091266,141092824,4096,-0.0,0
1708583015, 398091266,141092832,4096,-0.0,0
1708583015, 398092340,141092840,4096,-0.0,0
1708583015, 398092340,141092848,4096,-0.0,0
1708583015, 398092340,141092856,4096,-0.0,0
1708583015, 398093413,141092864,4096,-0.0,0
1708583015, 398093413,141092872,4096,-0.0,0
1708583015, 398093413,141092880,4096,-0.0,0
1708583015, 398094487,141092888,4096,-0.0,0
1708583015, 398135280,141092896,4096,-0.0,0
1708583015, 398135280,141092904,4096,-0.0,0
1708583015, 398135280,141092912,4096,-0.0,0
1708583015, 398136353,141092920,4096,-0.0,0
1708583015, 398136353,141092928,4096,-0.0,0
1708583015, 398137427,141092936,4096,-0.0,0
1708583015, 398137427,141092944,4096,-0.0,0
1708583015, 398137427,141092952,4096,-0.0,0
1708583015, 398138500,141092960,4096,-0.0,0
1708583015, 398138500,141092968,4096,-0.0,0
1708583015, 398139574,141092976,4096,-0.0,0
1708583015, 398139574,141092984,4096,-0.0,0
1708583015, 398139574,141092992,4096,-0.0,0
1708583015, 398140647,141093000,4096,-0.0,0
1708583015, 398140647,141093008,4096,-0.0,0
1708583015, 398141721,141093016,4096,-0.0,0
1708583015, 398141721,141093024,4096,-0.0,0
1708583015, 398141721,141093032,4096,-0.0,0
1708583015, 398142794,141093040,4096,-0.0,0
1708583015, 398142794,141093048,4096,-0.0,0
1708583015, 398534622,116375944,4096,0.33826380335849104,0
1708583015, 399989214,141093056,4096,0.5179505518728695,0
1708583015, 399989214,141093064,4096,0.6057898978900474,0
1708583015, 399989214,141093072,4096,0.6028673544039332,0
1708583015, 399990288,141093080,4096,0.5044717176412747,0
1708583015, 399990288,141093088,4096,0.5026555845322644,0
1708583015, 399990288,141093096,4096,0.6308866395684057,0
1708583015, 399991361,141093104,4096,0.5717370423948573,0
1708583015, 399991361,141093112,4096,0.5798241964177231,0
1708583015, 399992435,141093120,4096,0.566777189214227,0
1708583015, 399992435,141093128,4096,0.5967820887716051,0
1708583015, 399992435,141093136,4096,0.6160263922147563,0
1708583015, 399993508,141093144,4096,0.5636331728400757,0
1708583015, 399993508,141093152,4096,0.5560133717170859,0
1708583015, 399993508,141093160,4096,0.5656398610275634,0
1708583015, 399993508,141093168,4096,0.553994875152583,0
1708583015, 399994582,141093176,4096,0.5657551246576654,0
1708583015, 400003170,141093184,4096,0.6004290184048078,0
1708583015, 400003170,141093192,4096,0.5891472686439125,0
1708583015, 400003170,141093200,4096,0.5859761277372034,0
1708583015, 400003170,141093208,4096,0.6330582036952211,0
1708583015, 400004243,141093216,4096,0.6462572904690069,0
1708583015, 400004243,141093224,4096,0.5982572367098915,0
1708583015, 400004243,141093232,4096,0.5959774959091443,0
1708583015, 400005317,141093240,4096,0.6099398633734142,0
1708583015, 400005317,141093248,4096,0.6069545002058281,0
1708583015, 400005317,141093256,4096,0.6141906941734282,0
1708583015, 400005317,141093264,4096,0.5541431283277933,0
1708583015, 400006390,141093272,4096,0.5827135959274157,0
1708583015, 400006390,141093280,4096,0.4865186294284937,0
1708583015, 400006390,141093288,4096,0.4756832558521326,0
1708583015, 400007464,141093296,4096,0.5364714974381809,0
1708583015, 400007464,141093304,4096,0.41958962988171167,0
1708583015, 400056845,141093312,4096,0.5367098886034138,0
1708583015, 400056845,141093320,4096,0.5784435963886544,0
1708583015, 400057918,141093328,4096,0.5492154641362408,0
1708583015, 400057918,141093336,4096,0.5249624521770071,0
1708583015, 400057918,141093344,4096,0.5190835488707541,0
1708583015, 400058992,141093352,4096,0.5670579829352925,0
1708583015, 400058992,141093360,4096,0.5757100588989865,0
1708583015, 400058992,141093368,4096,0.5578839652744292,0
1708583015, 400060065,141093376,4096,0.5020648938779917,0
1708583015, 400060065,141093384,4096,0.5777199630206951,0
1708583015, 400061139,141093392,4096,0.5820750228035129,0
1708583015, 400061139,141093400,4096,0.4813078427265642,0
1708583015, 400062212,141093408,4096,0.5049397295206678,0
1708583015, 400062212,141093416,4096,0.6101607575218294,0
1708583015, 400063286,141093424,4096,0.6044950717241017,0
1708583015, 400063286,141093432,4096,0.6201519090692315,0
1708583015, 400069727,141093440,4096,0.5303374424065029,0
1708583015, 400070800,141093448,4096,0.528629336475125,0
1708583015, 400070800,141093456,4096,0.5306507822316046,0
1708583015, 400071874,141093464,4096,0.6038472369508181,0
1708583015, 400071874,141093472,4096,0.5270028738844731,0
1708583015, 400072947,141093480,4096,0.5374798215696164,0
1708583015, 400072947,141093488,4096,0.5245510997073858,0
1708583015, 400074021,141093496,4096,0.672015267979256,0
1708583015, 400074021,141093504,4096,0.6376383195944209,0
1708583015, 400075094,141093512,4096,0.6418551631552323,0
1708583015, 400075094,141093520,4096,0.6144091590576798,0
1708583015, 400076168,141093528,4096,0.629194838086226,0
1708583015, 400076168,141093536,4096,0.6222344344993536,0
1708583015, 400077241,141093544,4096,0.5534357345076234,0
1708583015, 400077241,141093552,4096,0.5967189635381919,0
1708583015, 400078315,141093560,4096,0.5672211574317148,0
1708583015, 400126622,141093568,4096,0.5088136614350145,0
1708583015, 400126622,141093576,4096,0.5926891864347898,0
1708583015, 400127696,141093584,4096,0.5472810888449383,0
1708583015, 400127696,141093592,4096,0.6276350388407823,0
1708583015, 400128769,141093600,4096,0.6590055631726477,0
1708583015, 400128769,141093608,4096,0.596314254764942,0
1708583015, 400128769,141093616,4096,0.674328983297924,0
1708583015, 400128769,141093624,4096,0.5335665237073774,0
1708583015, 400129843,141093632,4096,0.5800910908703416,0
1708583015, 400129843,141093640,4096,0.5668539734102719,0
1708583015, 400129843,141093648,4096,0.5216568807622514,0
1708583015, 400130916,141093656,4096,0.5894893748643334,0
1708583015, 400130916,141093664,4096,0.6121815956778789,0
1708583015, 400131990,141093672,4096,0.6662241468096408,0
1708583015, 400131990,141093680,4096,0.4781467938997244,0
1708583015, 400131990,141093688,4096,0.44010303292903696,0
1708583015, 400140578,141093696,4096,0.3569447902660529,0
1708583015, 400140578,141093704,4096,0.3624162326627953,0
1708583015, 400141651,141093712,4096,0.35340421890103924,0
1708583015, 400141651,141093720,4096,0.34225132294391164,0
1708583015, 400141651,141093728,4096,0.3525185891084438,0
1708583015, 400141651,141093736,4096,0.34420181774688546,0
1708583015, 400142725,141093744,4096,0.3533560592340264,0
1708583015, 400142725,141093752,4096,0.34690746043736015,0
1708583015, 400142725,141093760,4096,0.3452220350638534,0
1708583015, 400143798,141093768,4096,0.35288046920889526,0
1708583015, 400143798,141093776,4096,0.33918450659201493,0
1708583015, 400143798,141093784,4096,0.3529570520425032,0
1708583015, 400144872,141093792,4096,0.34724386052607537,0
1708583015, 400144872,141093800,4096,0.34226683228860305,0
1708583015, 400144872,141093808,4096,0.35325959811498464,0
1708583015, 400145945,141093816,4096,0.3431625372623335,0
1708583015, 400193179,141093824,4096,0.35456752205171627,0
1708583015, 400194253,141093832,4096,0.3475733406253738,0
1708583015, 400194253,141093840,4096,0.342028029510261,0
1708583015, 400194253,141093848,4096,0.3527748479972527,0
1708583015, 400194253,141093856,4096,0.33591273118103415,0
1708583015, 400194253,141093864,4096,0.474175114867571,0
1708583015, 400195326,141093872,4096,0.47429368818041395,0
1708583015, 400195326,141093880,4096,0.5443477586585038,0
1708583015, 400195326,141093888,4096,0.5663957720376789,0
1708583015, 400196400,141093896,4096,0.6612290377527347,0
1708583015, 400196400,141093904,4096,0.579821324218203,0
1708583015, 400196400,141093912,4096,0.6390225878054541,0
1708583015, 400197473,141093920,4096,0.6244011492505693,0
1708583015, 400197473,141093928,4096,0.5936512665989846,0
1708583015, 400197473,141093936,4096,0.4687444360023187,0
1708583015, 400198547,141093944,4096,0.6723752804758557,0
1708583015, 400207135,141093952,4096,0.6162837691544009,0
1708583015, 400207135,141093960,4096,0.6070784348843837,0
1708583015, 400207135,141093968,4096,0.7063849063893933,0
1708583015, 400207135,141093976,4096,0.6136169871523833,0
1708583015, 400208208,141093984,4096,0.6445735468998288,0
1708583015, 400208208,141093992,4096,0.6815280921672002,0
1708583015, 400209282,141094000,4096,0.46055909853825916,0
1708583015, 400209282,141094008,4096,0.5159249931352977,0
1708583015, 400209282,141094016,4096,0.4580689838659067,0
1708583015, 400210355,141094024,4096,0.6497004471123092,0
1708583015, 400210355,141094032,4096,0.620737697999649,0
1708583015, 400210355,141094040,4096,0.5590976239787055,0
1708583015, 400211429,141094048,4096,0.4839624192214352,0
1708583015, 400211429,141094056,4096,0.6317629173052806,0
1708583015, 400211429,141094064,4096,0.4637287844102265,0
1708583015, 400212502,141094072,4096,0.49681871761293955,0
1708583015, 400257589,141094080,4096,0.6474091543788364,0
1708583015, 400257589,141094088,4096,0.5277560788597407,0
1708583015, 400258663,141094096,4096,0.49015385012530965,0
1708583015, 400258663,141094104,4096,0.5044615309331225,0
1708583015, 400258663,141094112,4096,0.47451184173424726,0
1708583015, 400258663,141094120,4096,0.509477081329265,0
1708583015, 400259736,141094128,4096,0.6261225341572294,0
1708583015, 400259736,141094136,4096,0.5782974302916315,0
1708583015, 400259736,141094144,4096,0.45443068222189237,0
1708583015, 400260810,141094152,4096,0.4633281764911743,0
1708583015, 400260810,141094160,4096,0.5322924788498486,0
1708583015, 400260810,141094168,4096,0.6858755831107267,0
1708583015, 400260810,141094176,4096,0.591585785446684,0
1708583015, 400261883,141094184,4096,0.6548023207366167,0
1708583015, 400261883,141094192,4096,0.593202448475307,0
1708583015, 400261883,141094200,4096,0.6489267740703581,0
1708583015, 400268324,141094208,4096,0.6838301542327375,0
1708583015, 400268324,141094216,4096,0.6596466896586766,0
1708583015, 400268324,141094224,4096,0.6975990031261153,0
1708583015, 400269398,141094232,4096,0.5717399837573423,0
1708583015, 400269398,141094240,4096,0.45205912122446723,0
1708583015, 400269398,141094248,4096,0.5071304760328189,0
1708583015, 400270471,141094256,4096,0.670351010787901,0
1708583015, 400270471,141094264,4096,0.005962722569624523,0
1708583015, 400270471,141094272,4096,-0.0,0
1708583015, 400270471,141094280,4096,-0.0,0
1708583015, 400271545,141094288,4096,-0.0,0
1708583015, 400271545,141094296,4096,-0.0,0
1708583015, 400271545,141094304,4096,-0.0,0
1708583015, 400272618,141094312,4096,-0.0,0
1708583015, 400272618,141094320,4096,-0.0,0
1708583015, 400272618,141094328,4096,-0.0,0
1708583015, 400323073,141094336,4096,-0.0,0
1708583015, 400324146,141094344,4096,-0.0,0
1708583015, 400324146,141094352,4096,-0.0,0
1708583015, 400325220,141094360,4096,-0.0,0
1708583015, 400325220,141094368,4096,-0.0,0
1708583015, 400326293,141094376,4096,-0.0,0
1708583015, 400326293,141094384,4096,-0.0,0
1708583015, 400327367,141094392,4096,-0.0,0
1708583015, 400327367,141094400,4096,-0.0,0
1708583015, 400328440,141094408,4096,-0.0,0
1708583015, 400328440,141094416,4096,-0.0,0
1708583015, 400329514,141094424,4096,-0.0,0
1708583015, 400329514,141094432,4096,-0.0,0
1708583015, 400329514,141094440,4096,-0.0,0
1708583015, 400330587,141094448,4096,-0.0,0
1708583015, 400330587,141094456,4096,-0.0,0
1708583015, 400341322,141094464,4096,-0.0,0
1708583015, 400342396,141094472,4096,-0.0,0
1708583015, 400342396,141094480,4096,-0.0,0
1708583015, 400343469,141094488,4096,-0.0,0
1708583015, 400344543,141094496,4096,-0.0,0
1708583015, 400344543,141094504,4096,-0.0,0
1708583015, 400345616,141094512,4096,-0.0,0
1708583015, 400345616,141094520,4096,-0.0,0
1708583015, 400346690,141094528,4096,-0.0,0
1708583015, 400346690,141094536,4096,-0.0,0
1708583015, 400346690,141094544,4096,-0.0,0
1708583015, 400347763,141094552,4096,-0.0,0
1708583015, 400347763,141094560,4096,-0.0,0
1708583015, 400347763,141094568,4096,-0.0,0
1708583015, 400348837,141094576,4096,-0.0,0
1708583015, 400348837,141094584,4096,-0.0,0
1708583015, 400493759,141094592,4096,-0.0,0
1708583015, 400494833,141094600,4096,-0.0,0
1708583015, 400494833,141094608,4096,-0.0,0
1708583015, 400494833,141094616,4096,-0.0,0
1708583015, 400495906,141094624,4096,-0.0,0
1708583015, 400495906,141094632,4096,-0.0,0
1708583015, 400495906,141094640,4096,-0.0,0
1708583015, 400496980,141094648,4096,-0.0,0
1708583015, 400496980,141094656,4096,-0.0,0
1708583015, 400496980,141094664,4096,-0.0,0
1708583015, 400498053,141094672,4096,-0.0,0
1708583015, 400498053,141094680,4096,-0.0,0
1708583015, 400498053,141094688,4096,-0.0,0
1708583015, 400499127,141094696,4096,-0.0,0
1708583015, 400499127,141094704,4096,-0.0,0
1708583015, 400499127,141094712,4096,-0.0,0
1708583015, 400505568,141094720,4096,-0.0,0
1708583015, 400505568,141094728,4096,-0.0,0
1708583015, 400506641,141094736,4096,-0.0,0
1708583015, 400506641,141094744,4096,-0.0,0
1708583015, 400506641,141094752,4096,-0.0,0
1708583015, 400507715,141094760,4096,-0.0,0
1708583015, 400507715,141094768,4096,-0.0,0
1708583015, 400507715,141094776,4096,-0.0,0
1708583015, 400508788,141094784,4096,-0.0,0
1708583015, 400508788,141094792,4096,-0.0,0
1708583015, 400508788,141094800,4096,-0.0,0
1708583015, 400509862,141094808,4096,-0.0,0
1708583015, 400509862,141094816,4096,-0.0,0
1708583015, 400509862,141094824,4096,-0.0,0
1708583015, 400510935,141094832,4096,-0.0,0
1708583015, 400510935,141094840,4096,-0.0,0
1708583015, 400595742,141094848,4096,-0.0,0
1708583015, 400595742,141094856,4096,-0.0,0
1708583015, 400595742,141094864,4096,-0.0,0
1708583015, 400596815,141094872,4096,-0.0,0
1708583015, 400596815,141094880,4096,-0.0,0
1708583015, 400597889,141094888,4096,-0.0,0
1708583015, 400597889,141094896,4096,-0.0,0
1708583015, 400597889,141094904,4096,-0.0,0
1708583015, 400598962,141094912,4096,-0.0,0
1708583015, 400598962,141094920,4096,-0.0,0
1708583015, 400598962,141094928,4096,-0.0,0
1708583015, 400600036,141094936,4096,-0.0,0
1708583015, 400600036,141094944,4096,-0.0,0
1708583015, 400600036,141094952,4096,-0.0,0
1708583015, 400601109,141094960,4096,-0.0,0
1708583015, 400601109,141094968,4096,-0.0,0
1708583015, 400606477,141094976,4096,-0.0,0
1708583015, 400606477,141094984,4096,-0.0,0
1708583015, 400606477,141094992,4096,-0.0,0
1708583015, 400606477,141095000,4096,-0.0,0
1708583015, 400607550,141095008,4096,-0.0,0
1708583015, 400607550,141095016,4096,-0.0,0
1708583015, 400608624,141095024,4096,-0.0,0
1708583015, 400609697,141095032,4096,-0.0,0
1708583015, 400609697,141095040,4096,-0.0,0
1708583015, 400609697,141095048,4096,-0.0,0
1708583015, 400610771,141095056,4096,-0.0,0
1708583015, 400610771,141095064,4096,-0.0,0
1708583015, 400611844,141095072,4096,-0.0,0
1708583015, 400611844,141095080,4096,-0.0,0
1708583015, 400612918,141095088,4096,-0.0,0
1708583015, 400612918,141095096,4096,-0.0,0
1708583015, 406235911,1379128,4096,0.1660785540494865,0
1708583015, 406469934,141095104,4096,0.478899144099813,0
1708583015, 406469934,141095112,4096,0.5872291365710491,0
1708583015, 406471007,141095120,4096,0.5861936219826691,0
1708583015, 406471007,141095128,4096,0.535339154624086,0
1708583015, 406471007,141095136,4096,0.5082473718233075,0
1708583015, 406472081,141095144,4096,0.5380068329424759,0
1708583015, 406472081,141095152,4096,0.5407585707852922,0
1708583015, 406472081,141095160,4096,0.4388381362325073,0
1708583015, 406473154,141095168,4096,0.4825135527323771,0
1708583015, 406473154,141095176,4096,0.4080957316870006,0
1708583015, 406473154,141095184,4096,0.500564166334599,0
1708583015, 406474228,141095192,4096,0.5247559879963496,0
1708583015, 406474228,141095200,4096,0.5171974288529558,0
1708583015, 406474228,141095208,4096,0.5803372484088182,0
1708583015, 406475301,141095216,4096,0.4833937944046446,0
1708583015, 406475301,141095224,4096,0.48324295909715265,0
1708583015, 406482816,141095232,4096,0.48436942074507694,0
1708583015, 406483889,141095240,4096,0.5812877616135272,0
1708583015, 406483889,141095248,4096,0.5782028954684953,0
1708583015, 406484963,141095256,4096,0.5560405468751739,0
1708583015, 406484963,141095264,4096,0.5780515149719693,0
1708583015, 406486036,141095272,4096,0.5943962632417917,0
1708583015, 406486036,141095280,4096,0.6073651755134315,0
1708583015, 406487110,141095288,4096,0.604246354048704,0
1708583015, 406487110,141095296,4096,0.4899535896973339,0
1708583015, 406487110,141095304,4096,0.5803463838336255,0
1708583015, 406488183,141095312,4096,0.6016155195265824,0
1708583015, 406488183,141095320,4096,0.5191142361511424,0
1708583015, 406489257,141095328,4096,0.5692433409061477,0
1708583015, 406489257,141095336,4096,0.6231627717925303,0
1708583015, 406490330,141095344,4096,0.5361768366211357,0
1708583015, 406490330,141095352,4096,0.5411940150518761,0
1708583015, 406539711,141095360,4096,0.6466171806184063,0
1708583015, 406539711,141095368,4096,0.4908356487633196,0
1708583015, 406539711,141095376,4096,0.5707822498533278,0
1708583015, 406540785,141095384,4096,0.6166311313913077,0
1708583015, 406540785,141095392,4096,0.5868967424547632,0
1708583015, 406540785,141095400,4096,0.596162999550393,0
1708583015, 406541858,141095408,4096,0.4914883507351397,0
1708583015, 406541858,141095416,4096,0.6091948110428684,0
1708583015, 406541858,141095424,4096,0.6392184004060226,0
1708583015, 406542932,141095432,4096,0.6727998964156543,0
1708583015, 406542932,141095440,4096,0.6060799718624792,0
1708583015, 406542932,141095448,4096,0.33782646928432414,0
1708583015, 406544005,141095456,4096,0.346678768877859,0
1708583015, 406544005,141095464,4096,0.34924493013332375,0
1708583015, 406544005,141095472,4096,0.35031916865568535,0
1708583015, 406544005,141095480,4096,0.3472442471185551,0
1708583015, 406551520,141095488,4096,0.3407337038133277,0
1708583015, 406552593,141095496,4096,0.3452136413209034,0
1708583015, 406552593,141095504,4096,0.33825910732564773,0
1708583015, 406553667,141095512,4096,0.3493069514889077,0
1708583015, 406553667,141095520,4096,0.34232915464917774,0
1708583015, 406554740,141095528,4096,0.3298367315898571,0
1708583015, 406554740,141095536,4096,0.34439240094830054,0
1708583015, 406555814,141095544,4096,0.33871583579885123,0
1708583015, 406555814,141095552,4096,0.33921242191140216,0
1708583015, 406555814,141095560,4096,0.34567100871239786,0
1708583015, 406556887,141095568,4096,0.32767507820108727,0
1708583015, 406556887,141095576,4096,0.3494120799910704,0
1708583015, 406557961,141095584,4096,0.34458891905614564,0
1708583015, 406557961,141095592,4096,0.33173386179310005,0
1708583015, 406559034,141095600,4096,0.3473703926723115,0
1708583015, 406559034,141095608,4096,0.33786555819048053,0
1708583015, 406606268,141095616,4096,0.3481026362008478,0
1708583015, 406606268,141095624,4096,0.34647988745854014,0
1708583015, 406606268,141095632,4096,0.3354715864852971,0
1708583015, 406607342,141095640,4096,0.3585614442370866,0
1708583015, 406607342,141095648,4096,0.34301030535921373,0
1708583015, 406607342,141095656,4096,0.34967075417800497,0
1708583015, 406608415,141095664,4096,0.35056439988381255,0
1708583015, 406608415,141095672,4096,0.3419709095201771,0
1708583015, 406608415,141095680,4096,0.35794393826623255,0
1708583015, 406609489,141095688,4096,0.3459981663207637,0
1708583015, 406609489,141095696,4096,0.3454224162155615,0
1708583015, 406610562,141095704,4096,0.35491037217137517,0
1708583015, 406610562,141095712,4096,0.33966097897737346,0
1708583015, 406611636,141095720,4096,0.35981460153520595,0
1708583015, 406611636,141095728,4096,0.34843295840928107,0
1708583015, 406612709,141095736,4096,0.3438827276416874,0
1708583015, 406619150,141095744,4096,0.35382007931028714,0
1708583015, 406619150,141095752,4096,0.3425291487650237,0
1708583015, 406620224,141095760,4096,0.35492454854824806,0
1708583015, 406620224,141095768,4096,0.34713145391913514,0
1708583015, 406621297,141095776,4096,0.34384492839400266,0
1708583015, 406621297,141095784,4096,0.3573081679340409,0
1708583015, 406622371,141095792,4096,0.3441603877141006,0
1708583015, 406622371,141095800,4096,0.3576164242620619,0
1708583015, 406623444,141095808,4096,0.3492721176703078,0
1708583015, 406623444,141095816,4096,0.5044207965325901,0
1708583015, 406624518,141095824,4096,0.6050133565898398,0
1708583015, 406624518,141095832,4096,0.4914445645471669,0
1708583015, 406624518,141095840,4096,0.5088333041344736,0
1708583015, 406625591,141095848,4096,0.692586113519852,0
1708583015, 406626665,141095856,4096,0.6598492377063979,0
1708583015, 406626665,141095864,4096,0.6472767945990903,0
1708583015, 406673899,141095872,4096,0.5638627817690649,0
1708583015, 406674972,141095880,4096,0.6635417916004305,0
1708583015, 406674972,141095888,4096,0.686926307722958,0
1708583015, 406674972,141095896,4096,0.6254746631920373,0
1708583015, 406674972,141095904,4096,0.5639221537226119,0
1708583015, 406676046,141095912,4096,0.5511976385507816,0
1708583015, 406676046,141095920,4096,0.5807376423876419,0
1708583015, 406677119,141095928,4096,0.4702225512477552,0
1708583015, 406677119,141095936,4096,0.4782533909549016,0
1708583015, 406678193,141095944,4096,0.6207385598666532,0
1708583015, 406678193,141095952,4096,0.5879406030513736,0
1708583015, 406679266,141095960,4096,0.4958072362289358,0
1708583015, 406679266,141095968,4096,0.5944770283829975,0
1708583015, 406679266,141095976,4096,0.5247654577489298,0
1708583015, 406679266,141095984,4096,0.5819322717169452,0
1708583015, 406680340,141095992,4096,0.5366646200100568,0
1708583015, 406685707,141096000,4096,0.46387548175670223,0
1708583015, 406686781,141096008,4096,0.5580587960990986,0
1708583015, 406686781,141096016,4096,0.6083469844614041,0
1708583015, 406686781,141096024,4096,0.6532021423789828,0
1708583015, 406687854,141096032,4096,0.6132421839021296,0
1708583015, 406687854,141096040,4096,0.5669098324495877,0
1708583015, 406688928,141096048,4096,0.6458815809699412,0
1708583015, 406688928,141096056,4096,0.6224073950941569,0
1708583015, 406688928,141096064,4096,0.32348770686989214,0
1708583015, 406688928,141096072,4096,-0.0,0
1708583015, 406690001,141096080,4096,-0.0,0
1708583015, 406690001,141096088,4096,-0.0,0
1708583015, 406690001,141096096,4096,-0.0,0
1708583015, 406691075,141096104,4096,-0.0,0
1708583015, 406691075,141096112,4096,-0.0,0
1708583015, 406691075,141096120,4096,-0.0,0
1708583015, 406749044,141096128,4096,-0.0,0
1708583015, 406749044,141096136,4096,-0.0,0
1708583015, 406749044,141096144,4096,-0.0,0
1708583015, 406750117,141096152,4096,-0.0,0
1708583015, 406750117,141096160,4096,-0.0,0
1708583015, 406750117,141096168,4096,-0.0,0
1708583015, 406751191,141096176,4096,-0.0,0
1708583015, 406751191,141096184,4096,-0.0,0
1708583015, 406752264,141096192,4096,-0.0,0
1708583015, 406752264,141096200,4096,-0.0,0
1708583015, 406753338,141096208,4096,-0.0,0
1708583015, 406753338,141096216,4096,-0.0,0
1708583015, 406753338,141096224,4096,-0.0,0
1708583015, 406754411,141096232,4096,-0.0,0
1708583015, 406754411,141096240,4096,-0.0,0
1708583015, 406754411,141096248,4096,-0.0,0
1708583015, 406760852,141096256,4096,-0.0,0
1708583015, 406761926,141096264,4096,-0.0,0
1708583015, 406761926,141096272,4096,-0.0,0
1708583015, 406762999,141096280,4096,-0.0,0
1708583015, 406762999,141096288,4096,-0.0,0
1708583015, 406762999,141096296,4096,-0.0,0
1708583015, 406764073,141096304,4096,-0.0,0
1708583015, 406764073,141096312,4096,-0.0,0
1708583015, 406764073,141096320,4096,-0.0,0
1708583015, 406765146,141096328,4096,-0.0,0
1708583015, 406765146,141096336,4096,-0.0,0
1708583015, 406765146,141096344,4096,-0.0,0
1708583015, 406766220,141096352,4096,-0.0,0
1708583015, 406766220,141096360,4096,-0.0,0
1708583015, 406766220,141096368,4096,-0.0,0
1708583015, 406767293,141096376,4096,-0.0,0
1708583015, 406804866,141096384,4096,-0.0,0
1708583015, 406805939,141096392,4096,-0.0,0
1708583015, 406805939,141096400,4096,-0.0,0
1708583015, 406805939,141096408,4096,-0.0,0
1708583015, 406807013,141096416,4096,-0.0,0
1708583015, 406807013,141096424,4096,-0.0,0
1708583015, 406808086,141096432,4096,-0.0,0
1708583015, 406808086,141096440,4096,-0.0,0
1708583015, 406808086,141096448,4096,-0.0,0
1708583015, 406809160,141096456,4096,-0.0,0
1708583015, 406809160,141096464,4096,-0.0,0
1708583015, 406810233,141096472,4096,-0.0,0
1708583015, 406810233,141096480,4096,-0.0,0
1708583015, 406811307,141096488,4096,-0.0,0
1708583015, 406811307,141096496,4096,-0.0,0
1708583015, 406812380,141096504,4096,-0.0,0
1708583015, 406818821,141096512,4096,-0.0,0
1708583015, 406819895,141096520,4096,-0.0,0
1708583015, 406820968,141096528,4096,-0.0,0
1708583015, 406820968,141096536,4096,-0.0,0
1708583015, 406822042,141096544,4096,-0.0,0
1708583015, 406822042,141096552,4096,-0.0,0
1708583015, 406823115,141096560,4096,-0.0,0
1708583015, 406823115,141096568,4096,-0.0,0
1708583015, 406824189,141096576,4096,-0.0,0
1708583015, 406824189,141096584,4096,-0.0,0
1708583015, 406825262,141096592,4096,-0.0,0
1708583015, 406826336,141096600,4096,-0.0,0
1708583015, 406826336,141096608,4096,-0.0,0
1708583015, 406827409,141096616,4096,-0.0,0
1708583015, 406827409,141096624,4096,-0.0,0
1708583015, 406828483,141096632,4096,-0.0,0
1708583015, 406929392,141096640,4096,-0.0,0
1708583015, 406929392,141096648,4096,-0.0,0
1708583015, 406929392,141096656,4096,-0.0,0
1708583015, 406930465,141096664,4096,-0.0,0
1708583015, 406930465,141096672,4096,-0.0,0
1708583015, 406930465,141096680,4096,-0.0,0
1708583015, 406931539,141096688,4096,-0.0,0
1708583015, 406931539,141096696,4096,-0.0,0
1708583015, 406931539,141096704,4096,-0.0,0
1708583015, 406932612,141096712,4096,-0.0,0
1708583015, 406932612,141096720,4096,-0.0,0
1708583015, 406932612,141096728,4096,-0.0,0
1708583015, 406933686,141096736,4096,-0.0,0
1708583015, 406933686,141096744,4096,-0.0,0
1708583015, 406933686,141096752,4096,-0.0,0
1708583015, 406934759,141096760,4096,-0.0,0
1708583015, 406942274,141096768,4096,-0.0,0
1708583015, 406943347,141096776,4096,-0.0,0
1708583015, 406943347,141096784,4096,-0.0,0
1708583015, 406944421,141096792,4096,-0.0,0
1708583015, 406944421,141096800,4096,-0.0,0
1708583015, 406945494,141096808,4096,-0.0,0
1708583015, 406945494,141096816,4096,-0.0,0
1708583015, 406945494,141096824,4096,-0.0,0
1708583015, 406946568,141096832,4096,-0.0,0
1708583015, 406946568,141096840,4096,-0.0,0
1708583015, 406946568,141096848,4096,-0.0,0
1708583015, 406947641,141096856,4096,-0.0,0
1708583015, 406947641,141096864,4096,-0.0,0
1708583015, 406947641,141096872,4096,-0.0,0
1708583015, 406948715,141096880,4096,-0.0,0
1708583015, 406948715,141096888,4096,-0.0,0
1708583015, 406985214,141096896,4096,-0.0,0
1708583015, 406985214,141096904,4096,-0.0,0
1708583015, 406985214,141096912,4096,-0.0,0
1708583015, 406986287,141096920,4096,-0.0,0
1708583015, 406986287,141096928,4096,-0.0,0
1708583015, 406987361,141096936,4096,-0.0,0
1708583015, 406987361,141096944,4096,-0.0,0
1708583015, 406987361,141096952,4096,-0.0,0
1708583015, 406988434,141096960,4096,-0.0,0
1708583015, 406988434,141096968,4096,-0.0,0
1708583015, 406989508,141096976,4096,-0.0,0
1708583015, 406990581,141096984,4096,-0.0,0
1708583015, 406990581,141096992,4096,-0.0,0
1708583015, 406991655,141097000,4096,-0.0,0
1708583015, 406992728,141097008,4096,-0.0,0
1708583015, 406992728,141097016,4096,-0.0,0
1708583015, 407001316,141097024,4096,-0.0,0
1708583015, 407001316,141097032,4096,-0.0,0
1708583015, 407002390,141097040,4096,-0.0,0
1708583015, 407002390,141097048,4096,-0.0,0
1708583015, 407003463,141097056,4096,-0.0,0
1708583015, 407004537,141097064,4096,-0.0,0
1708583015, 407004537,141097072,4096,-0.0,0
1708583015, 407005610,141097080,4096,-0.0,0
1708583015, 407006684,141097088,4096,-0.0,0
1708583015, 407006684,141097096,4096,-0.0,0
1708583015, 407007757,141097104,4096,-0.0,0
1708583015, 407007757,141097112,4096,-0.0,0
1708583015, 407008831,141097120,4096,-0.0,0
1708583015, 407009904,141097128,4096,-0.0,0
1708583015, 407009904,141097136,4096,-0.0,0
1708583015, 407010978,141097144,4096,-0.0,0
1708583015, 408934690,141097152,4096,0.5832921326691394,0
1708583015, 408934690,141097160,4096,0.5637133057361795,0
1708583015, 408934690,141097168,4096,0.5684247577660275,0
1708583015, 408935763,141097176,4096,0.5698945303941886,0
1708583015, 408935763,141097184,4096,0.5724061802989744,0
1708583015, 408935763,141097192,4096,0.6219495946454449,0
1708583015, 408935763,141097200,4096,0.5068415167831198,0
1708583015, 408936837,141097208,4096,0.5830127201290682,0
1708583015, 408936837,141097216,4096,0.5695477631571062,0
1708583015, 408936837,141097224,4096,0.5578454919035448,0
1708583015, 408937910,141097232,4096,0.5665561071855091,0
1708583015, 408937910,141097240,4096,0.6047334928504859,0
1708583015, 408937910,141097248,4096,0.42211240542167244,0
1708583015, 408938984,141097256,4096,0.5664258432429539,0
1708583015, 408938984,141097264,4096,0.3910083719543755,0
1708583015, 408938984,141097272,4096,0.4053498232521327,0
1708583015, 408945425,141097280,4096,0.4051649039955176,0
1708583015, 408946498,141097288,4096,0.4169024374380328,0
1708583015, 408946498,141097296,4096,0.4122897992432117,0
1708583015, 408946498,141097304,4096,0.41400889471555435,0
1708583015, 408947572,141097312,4096,0.4256092249167515,0
1708583015, 408947572,141097320,4096,0.3428482139784594,0
1708583015, 408948645,141097328,4096,0.36243518771707317,0
1708583015, 408948645,141097336,4096,0.35103066839661995,0
1708583015, 408948645,141097344,4096,0.36676720939059676,0
1708583015, 408948645,141097352,4096,0.4042709815434196,0
1708583015, 408949719,141097360,4096,0.45701474829104877,0
1708583015, 408949719,141097368,4096,0.48613482853936574,0
1708583015, 408949719,141097376,4096,0.46124422847038404,0
1708583015, 408950792,141097384,4096,0.4582860229877844,0
1708583015, 408950792,141097392,4096,0.4814259755316841,0
1708583015, 408950792,141097400,4096,0.435438223913409,0
1708583015, 409000173,141097408,4096,0.46860810692112703,0
1708583015, 409000173,141097416,4096,0.4683455160017294,0
1708583015, 409000173,141097424,4096,0.4825640162903824,0
1708583015, 409000173,141097432,4096,0.429138986450515,0
1708583015, 409001247,141097440,4096,0.43099029771669295,0
1708583015, 409001247,141097448,4096,0.5335163881644328,0
1708583015, 409001247,141097456,4096,0.5686123919370006,0
1708583015, 409002320,141097464,4096,0.47866432852027635,0
1708583015, 409002320,141097472,4096,0.6607126144726226,0
1708583015, 409002320,141097480,4096,0.5348947655867541,0
1708583015, 409003394,141097488,4096,0.5433987340819845,0
1708583015, 409003394,141097496,4096,0.4784599509018372,0
1708583015, 409004467,141097504,4096,0.4859455617538974,0
1708583015, 409004467,141097512,4096,0.4848272171805935,0
1708583015, 409005541,141097520,4096,0.48454452668126374,0
1708583015, 409005541,141097528,4096,0.4995173929973484,0
1708583015, 409011982,141097536,4096,0.49632497978025353,0
1708583015, 409011982,141097544,4096,0.49899016074449504,0
1708583015, 409011982,141097552,4096,0.49838137638381197,0
1708583015, 409011982,141097560,4096,0.4976225454474077,0
1708583015, 409013055,141097568,4096,0.4998125622966331,0
1708583015, 409013055,141097576,4096,0.5475307568024281,0
1708583015, 409013055,141097584,4096,0.5400032596271607,0
1708583015, 409014129,141097592,4096,0.4969102542458859,0
1708583015, 409014129,141097600,4096,0.6005838933134091,0
1708583015, 409014129,141097608,4096,0.5241425685801484,0
1708583015, 409014129,141097616,4096,0.5724345357829812,0
1708583015, 409015202,141097624,4096,0.5117221998678452,0
1708583015, 409015202,141097632,4096,0.606082297946202,0
1708583015, 409015202,141097640,4096,0.6262973996789626,0
1708583015, 409016276,141097648,4096,0.49921650214828517,0
1708583015, 409016276,141097656,4096,0.6648109887494859,0
1708583015, 409063510,141097664,4096,0.6422186621516991,0
1708583015, 409063510,141097672,4096,0.6497922105045724,0
1708583015, 409063510,141097680,4096,0.4491438276229366,0
1708583015, 409063510,141097688,4096,0.6284108959066191,0
1708583015, 409064583,141097696,4096,0.7046124163762673,0
1708583015, 409064583,141097704,4096,0.6434210871269201,0
1708583015, 409064583,141097712,4096,0.6057312580405282,0
1708583015, 409065657,141097720,4096,0.5101903335889109,0
1708583015, 409065657,141097728,4096,0.7149970913219581,0
1708583015, 409066730,141097736,4096,0.6581956347400939,0
1708583015, 409066730,141097744,4096,0.7252480669748652,0
1708583015, 409067804,141097752,4096,0.6325838106661051,0
1708583015, 409067804,141097760,4096,0.6355306884371899,0
1708583015, 409068877,141097768,4096,0.7141772926149412,0
1708583015, 409068877,141097776,4096,0.5033669928682133,0
1708583015, 409068877,141097784,4096,0.5157598513318965,0
1708583015, 409075318,141097792,4096,0.3848404292856052,0
1708583015, 409075318,141097800,4096,0.32061035211594835,0
1708583015, 409076392,141097808,4096,0.3740408431103562,0
1708583015, 409076392,141097816,4096,0.5582935944189618,0
1708583015, 409076392,141097824,4096,0.5456868111579102,0
1708583015, 409077465,141097832,4096,0.655420378955566,0
1708583015, 409077465,141097840,4096,0.3175139300777708,0
1708583015, 409078539,141097848,4096,0.31812733186378633,0
1708583015, 409078539,141097856,4096,0.39740611865792036,0
1708583015, 409078539,141097864,4096,0.4812640654896814,0
1708583015, 409079612,141097872,4096,0.5357540383064844,0
1708583015, 409079612,141097880,4096,0.5487832264119125,0
1708583015, 409080686,141097888,4096,0.6217158225080692,0
1708583015, 409080686,141097896,4096,0.5262510718103907,0
1708583015, 409080686,141097904,4096,0.6093185430488516,0
1708583015, 409081759,141097912,4096,0.4785522647027822,0
1708583015, 409128993,141097920,4096,0.5555145678509048,0
1708583015, 409130067,141097928,4096,0.6057027110524629,0
1708583015, 409130067,141097936,4096,0.6350334438669757,0
1708583015, 409130067,141097944,4096,0.6275672374960914,0
1708583015, 409130067,141097952,4096,0.5603742185526386,0
1708583015, 409131140,141097960,4096,0.6524777346188488,0
1708583015, 409131140,141097968,4096,0.6902724695103496,0
1708583015, 409131140,141097976,4096,0.5195671955131034,0
1708583015, 409132214,141097984,4096,0.6521475715067869,0
1708583015, 409132214,141097992,4096,0.5589817814608611,0
1708583015, 409132214,141098000,4096,0.5315265990096137,0
1708583015, 409133287,141098008,4096,0.6577694084518613,0
1708583015, 409133287,141098016,4096,0.4555654852748702,0
1708583015, 409133287,141098024,4096,0.7399264858269182,0
1708583015, 409134361,141098032,4096,0.6132296427279532,0
1708583015, 409134361,141098040,4096,0.5097379098313687,0
1708583015, 409139728,141098048,4096,0.47245217570001996,0
1708583015, 409140802,141098056,4096,0.600808936941523,0
1708583015, 409140802,141098064,4096,0.6106065340249217,0
1708583015, 409140802,141098072,4096,0.5558698621863871,0
1708583015, 409141875,141098080,4096,0.6162889540164641,0
1708583015, 409141875,141098088,4096,0.2570595791488022,0
1708583015, 409141875,141098096,4096,-0.0,0
1708583015, 409141875,141098104,4096,-0.0,0
1708583015, 409142949,141098112,4096,-0.0,0
1708583015, 409142949,141098120,4096,-0.0,0
1708583015, 409142949,141098128,4096,-0.0,0
1708583015, 409144022,141098136,4096,-0.0,0
1708583015, 409144022,141098144,4096,-0.0,0
1708583015, 409144022,141098152,4096,-0.0,0
1708583015, 409145096,141098160,4096,-0.0,0
1708583015, 409145096,141098168,4096,-0.0,0
1708583015, 409191256,141098176,4096,-0.0,0
1708583015, 409191256,141098184,4096,-0.0,0
1708583015, 409191256,141098192,4096,-0.0,0
1708583015, 409191256,141098200,4096,-0.0,0
1708583015, 409192330,141098208,4096,-0.0,0
1708583015, 409192330,141098216,4096,-0.0,0
1708583015, 409192330,141098224,4096,-0.0,0
1708583015, 409193403,141098232,4096,-0.0,0
1708583015, 409193403,141098240,4096,-0.0,0
1708583015, 409193403,141098248,4096,-0.0,0
1708583015, 409194477,141098256,4096,-0.0,0
1708583015, 409194477,141098264,4096,-0.0,0
1708583015, 409194477,141098272,4096,-0.0,0
1708583015, 409194477,141098280,4096,-0.0,0
1708583015, 409195550,141098288,4096,-0.0,0
1708583015, 409195550,141098296,4096,-0.0,0
1708583015, 409200918,141098304,4096,-0.0,0
1708583015, 409200918,141098312,4096,-0.0,0
1708583015, 409200918,141098320,4096,-0.0,0
1708583015, 409201991,141098328,4096,-0.0,0
1708583015, 409201991,141098336,4096,-0.0,0
1708583015, 409203065,141098344,4096,-0.0,0
1708583015, 409203065,141098352,4096,-0.0,0
1708583015, 409203065,141098360,4096,-0.0,0
1708583015, 409204138,141098368,4096,-0.0,0
1708583015, 409205212,141098376,4096,-0.0,0
1708583015, 409205212,141098384,4096,-0.0,0
1708583015, 409205212,141098392,4096,-0.0,0
1708583015, 409206285,141098400,4096,-0.0,0
1708583015, 409206285,141098408,4096,-0.0,0
1708583015, 409206285,141098416,4096,-0.0,0
1708583015, 409207359,141098424,4096,-0.0,0
1708583015, 409252446,141098432,4096,-0.0,0
1708583015, 409253519,141098440,4096,-0.0,0
1708583015, 409253519,141098448,4096,-0.0,0
1708583015, 409254593,141098456,4096,-0.0,0
1708583015, 409254593,141098464,4096,-0.0,0
1708583015, 409255666,141098472,4096,-0.0,0
1708583015, 409255666,141098480,4096,-0.0,0
1708583015, 409255666,141098488,4096,-0.0,0
1708583015, 409256740,141098496,4096,-0.0,0
1708583015, 409256740,141098504,4096,-0.0,0
1708583015, 409256740,141098512,4096,-0.0,0
1708583015, 409256740,141098520,4096,-0.0,0
1708583015, 409257813,141098528,4096,-0.0,0
1708583015, 409257813,141098536,4096,-0.0,0
1708583015, 409257813,141098544,4096,-0.0,0
1708583015, 409258887,141098552,4096,-0.0,0
1708583015, 409263181,141098560,4096,-0.0,0
1708583015, 409263181,141098568,4096,-0.0,0
1708583015, 409264254,141098576,4096,-0.0,0
1708583015, 409264254,141098584,4096,-0.0,0
1708583015, 409265328,141098592,4096,-0.0,0
1708583015, 409265328,141098600,4096,-0.0,0
1708583015, 409265328,141098608,4096,-0.0,0
1708583015, 409266401,141098616,4096,-0.0,0
1708583015, 409266401,141098624,4096,-0.0,0
1708583015, 409267475,141098632,4096,-0.0,0
1708583015, 409267475,141098640,4096,-0.0,0
1708583015, 409268548,141098648,4096,-0.0,0
1708583015, 409268548,141098656,4096,-0.0,0
1708583015, 409269622,141098664,4096,-0.0,0
1708583015, 409269622,141098672,4096,-0.0,0
1708583015, 409270695,141098680,4096,-0.0,0
1708583015, 409315782,141098688,4096,-0.0,0
1708583015, 409316856,141098696,4096,-0.0,0
1708583015, 409316856,141098704,4096,-0.0,0
1708583015, 409317929,141098712,4096,-0.0,0
1708583015, 409317929,141098720,4096,-0.0,0
1708583015, 409317929,141098728,4096,-0.0,0
1708583015, 409319003,141098736,4096,-0.0,0
1708583015, 409319003,141098744,4096,-0.0,0
1708583015, 409319003,141098752,4096,-0.0,0
1708583015, 409320076,141098760,4096,-0.0,0
1708583015, 409320076,141098768,4096,-0.0,0
1708583015, 409320076,141098776,4096,-0.0,0
1708583015, 409321150,141098784,4096,-0.0,0
1708583015, 409321150,141098792,4096,-0.0,0
1708583015, 409321150,141098800,4096,-0.0,0
1708583015, 409322223,141098808,4096,-0.0,0
1708583015, 409326517,141098816,4096,-0.0,0
1708583015, 409326517,141098824,4096,-0.0,0
1708583015, 409327591,141098832,4096,-0.0,0
1708583015, 409327591,141098840,4096,-0.0,0
1708583015, 409327591,141098848,4096,-0.0,0
1708583015, 409328664,141098856,4096,-0.0,0
1708583015, 409328664,141098864,4096,-0.0,0
1708583015, 409328664,141098872,4096,-0.0,0
1708583015, 409329738,141098880,4096,-0.0,0
1708583015, 409329738,141098888,4096,-0.0,0
1708583015, 409329738,141098896,4096,-0.0,0
1708583015, 409329738,141098904,4096,-0.0,0
1708583015, 409330811,141098912,4096,-0.0,0
1708583015, 409330811,141098920,4096,-0.0,0
1708583015, 409330811,141098928,4096,-0.0,0
1708583015, 409331885,141098936,4096,-0.0,0
1708583015, 409379119,141098944,4096,-0.0,0
1708583015, 409380192,141098952,4096,-0.0,0
1708583015, 409380192,141098960,4096,-0.0,0
1708583015, 409380192,141098968,4096,-0.0,0
1708583015, 409381266,141098976,4096,-0.0,0
1708583015, 409381266,141098984,4096,-0.0,0
1708583015, 409381266,141098992,4096,-0.0,0
1708583015, 409382339,141099000,4096,-0.0,0
1708583015, 409382339,141099008,4096,-0.0,0
1708583015, 409382339,141099016,4096,-0.0,0
1708583015, 409383413,141099024,4096,-0.0,0
1708583015, 409383413,141099032,4096,-0.0,0
1708583015, 409383413,141099040,4096,-0.0,0
1708583015, 409384486,141099048,4096,-0.0,0
1708583015, 409384486,141099056,4096,-0.0,0
1708583015, 409384486,141099064,4096,-0.0,0
1708583015, 409390927,141099072,4096,-0.0,0
1708583015, 409390927,141099080,4096,-0.0,0
1708583015, 409390927,141099088,4096,-0.0,0
1708583015, 409392001,141099096,4096,-0.0,0
1708583015, 409392001,141099104,4096,-0.0,0
1708583015, 409392001,141099112,4096,-0.0,0
1708583015, 409393074,141099120,4096,-0.0,0
1708583015, 409393074,141099128,4096,-0.0,0
1708583015, 409393074,141099136,4096,-0.0,0
1708583015, 409393074,141099144,4096,-0.0,0
1708583015, 409394148,141099152,4096,-0.0,0
1708583015, 409394148,141099160,4096,-0.0,0
1708583015, 409394148,141099168,4096,-0.0,0
1708583015, 409395221,141099176,4096,-0.0,0
1708583015, 409395221,141099184,4096,-0.0,0
1708583015, 409395221,141099192,4096,-0.0,0
1708583015, 414022006,141099200,4096,0.3348586883423218,0
1708583015, 414022006,141099208,4096,0.3433132964115318,0
1708583015, 414023080,141099216,4096,0.4142149866766347,0
1708583015, 414023080,141099224,4096,0.4068392791241838,0
1708583015, 414024153,141099232,4096,0.40715737926394896,0
1708583015, 414024153,141099240,4096,0.5757785363804792,0
1708583015, 414025227,141099248,4096,0.5613518032343253,0
1708583015, 414025227,141099256,4096,0.518222613963266,0
1708583015, 414025227,141099264,4096,0.539403154595529,0
1708583015, 414026300,141099272,4096,0.5787301147669329,0
1708583015, 414026300,141099280,4096,0.4996876538647723,0
1708583015, 414026300,141099288,4096,0.4858580490921692,0
1708583015, 414027374,141099296,4096,0.5450520604583848,0
1708583015, 414028447,141099304,4096,0.5140408224456353,0
1708583015, 414028447,141099312,4096,0.5144064470478527,0
1708583015, 414028447,141099320,4096,0.5988490395335575,0
1708583015, 414034888,141099328,4096,0.5182790313737139,0
1708583015, 414034888,141099336,4096,0.5155839215649457,0
1708583015, 414035962,141099344,4096,0.49053788967091516,0
1708583015, 414035962,141099352,4096,0.5842082329706737,0
1708583015, 414037035,141099360,4096,0.52067913265802,0
1708583015, 414037035,141099368,4096,0.5149015395716074,0
1708583015, 414037035,141099376,4096,0.5284478761687942,0
1708583015, 414038109,141099384,4096,0.585888995161615,0
1708583015, 414038109,141099392,4096,0.5041546838470634,0
1708583015, 414038109,141099400,4096,0.5098546850164314,0
1708583015, 414039182,141099408,4096,0.6001907026728397,0
1708583015, 414039182,141099416,4096,0.5100976632160251,0
1708583015, 414039182,141099424,4096,0.5860535073247441,0
1708583015, 414040256,141099432,4096,0.5721302756471701,0
1708583015, 414040256,141099440,4096,0.5483399628766752,0
1708583015, 414040256,141099448,4096,0.5866428482521945,0
1708583015, 414089637,141099456,4096,0.5431225625442062,0
1708583015, 414090710,141099464,4096,0.5589355121437437,0
1708583015, 414090710,141099472,4096,0.5626433194770021,0
1708583015, 414090710,141099480,4096,0.612180518418256,0
1708583015, 414090710,141099488,4096,0.5521142034077275,0
1708583015, 414091784,141099496,4096,0.6149024697949971,0
1708583015, 414091784,141099504,4096,0.5237891457126916,0
1708583015, 414091784,141099512,4096,0.5224048619847833,0
1708583015, 414092857,141099520,4096,0.5566328988718994,0
1708583015, 414092857,141099528,4096,0.534966506552945,0
1708583015, 414092857,141099536,4096,0.5942971028162628,0
1708583015, 414092857,141099544,4096,0.5418232171528203,0
1708583015, 414093931,141099552,4096,0.6257906974239117,0
1708583015, 414093931,141099560,4096,0.5832110566162668,0
1708583015, 414093931,141099568,4096,0.597694488555829,0
1708583015, 414095004,141099576,4096,0.5520531929441201,0
1708583015, 414102519,141099584,4096,0.6100599746890556,0
1708583015, 414103592,141099592,4096,0.5828909395238521,0
1708583015, 414103592,141099600,4096,0.6184920396297134,0
1708583015, 414103592,141099608,4096,0.6048669857677869,0
1708583015, 414103592,141099616,4096,0.5549778334266591,0
1708583015, 414104666,141099624,4096,0.6278019486787735,0
1708583015, 414104666,141099632,4096,0.5862592378743857,0
1708583015, 414104666,141099640,4096,0.5920191812570231,0
1708583015, 414105739,141099648,4096,0.5832681529281533,0
1708583015, 414105739,141099656,4096,0.5663900295913451,0
1708583015, 414105739,141099664,4096,0.6031862585138312,0
1708583015, 414106813,141099672,4096,0.5897143183177217,0
1708583015, 414106813,141099680,4096,0.6008914615436749,0
1708583015, 414106813,141099688,4096,0.5736276225493508,0
1708583015, 414106813,141099696,4096,0.5441256041501893,0
1708583015, 414107886,141099704,4096,0.5064337315625017,0
1708583015, 414155120,141099712,4096,0.5669607526208604,0
1708583015, 414156194,141099720,4096,0.522722418375569,0
1708583015, 414156194,141099728,4096,0.5176136686180627,0
1708583015, 414156194,141099736,4096,0.6083718991433594,0
1708583015, 414156194,141099744,4096,0.4842708360841661,0
1708583015, 414157267,141099752,4096,0.5543765002529327,0
1708583015, 414157267,141099760,4096,0.5764340149212968,0
1708583015, 414157267,141099768,4096,0.5200868469927717,0
1708583015, 414158341,141099776,4096,0.5137471422108646,0
1708583015, 414158341,141099784,4096,0.5949439353691336,0
1708583015, 414158341,141099792,4096,0.6123069637541135,0
1708583015, 414159414,141099800,4096,0.6271106654515847,0
1708583015, 414159414,141099808,4096,0.585610678401394,0
1708583015, 414159414,141099816,4096,0.5945035251721119,0
1708583015, 414160488,141099824,4096,0.5582433126221451,0
1708583015, 414160488,141099832,4096,0.6134011943727024,0
1708583015, 414166929,141099840,4096,0.515948843231997,0
1708583015, 414166929,141099848,4096,0.5242405073713241,0
1708583015, 414166929,141099856,4096,0.5963999814646701,0
1708583015, 414168002,141099864,4096,0.6136147578120846,0
1708583015, 414168002,141099872,4096,0.573998230459992,0
1708583015, 414168002,141099880,4096,0.5347787401910953,0
1708583015, 414169076,141099888,4096,0.614180849779658,0
1708583015, 414169076,141099896,4096,0.6230588386127879,0
1708583015, 414170149,141099904,4096,0.6466466192570037,0
1708583015, 414170149,141099912,4096,0.6373913489025623,0
1708583015, 414170149,141099920,4096,0.6411958046195843,0
1708583015, 414171223,141099928,4096,0.6099268633236733,0
1708583015, 414171223,141099936,4096,0.5777934379560278,0
1708583015, 414172296,141099944,4096,0.5781932705803925,0
1708583015, 414172296,141099952,4096,0.639928670572922,0
1708583015, 414172296,141099960,4096,0.6391556401896348,0
1708583015, 414238853,141099968,4096,0.4614306613699183,0
1708583015, 414238853,141099976,4096,0.45659575436636185,0
1708583015, 414238853,141099984,4096,0.5422313536881079,0
1708583015, 414239927,141099992,4096,0.5389484413789215,0
1708583015, 414239927,141100000,4096,0.47974091055494994,0
1708583015, 414239927,141100008,4096,0.47994911409042124,0
1708583015, 414239927,141100016,4096,0.5541641661975132,0
1708583015, 414241000,141100024,4096,0.6072196328012425,0
1708583015, 414241000,141100032,4096,0.5435493678825574,0
1708583015, 414242074,141100040,4096,0.43961171662080406,0
1708583015, 414242074,141100048,4096,0.6237839564025854,0
1708583015, 414242074,141100056,4096,0.6507504857427279,0
1708583015, 414243147,141100064,4096,0.6480544764407329,0
1708583015, 414243147,141100072,4096,0.5695916275771088,0
1708583015, 414244221,141100080,4096,0.615021828043803,0
1708583015, 414244221,141100088,4096,0.4563994375437015,0
1708583015, 414251735,141100096,4096,0.5337955380056135,0
1708583015, 414251735,141100104,4096,0.674294003636442,0
1708583015, 414252809,141100112,4096,0.5813501527715609,0
1708583015, 414252809,141100120,4096,0.6749959322251979,0
1708583015, 414253882,141100128,4096,0.6267238840754203,0
1708583015, 414253882,141100136,4096,0.7092405266293326,0
1708583015, 414254956,141100144,4096,0.5389635750373766,0
1708583015, 414254956,141100152,4096,0.5528227029923927,0
1708583015, 414254956,141100160,4096,0.650148478987594,0
1708583015, 414256029,141100168,4096,0.47453658763117906,0
1708583015, 414256029,141100176,4096,0.44518440620063165,0
1708583015, 414256029,141100184,4096,0.57525515930748,0
1708583015, 414257103,141100192,4096,0.6179388101846658,0
1708583015, 414257103,141100200,4096,0.624993232516008,0
1708583015, 414257103,141100208,4096,0.4649336875070437,0
1708583015, 414258176,141100216,4096,0.6636190908101756,0
1708583015, 414306484,141100224,4096,0.661240023597579,0
1708583015, 414306484,141100232,4096,0.6307902145773681,0
1708583015, 414307557,141100240,4096,0.6070868779050046,0
1708583015, 414307557,141100248,4096,0.674592274893841,0
1708583015, 414307557,141100256,4096,0.5304157760388586,0
1708583015, 414307557,141100264,4096,0.5013286366091294,0
1708583015, 414308631,141100272,4096,0.5302248412670806,0
1708583015, 414308631,141100280,4096,0.6618376683309312,0
1708583015, 414308631,141100288,4096,0.5027348628998636,0
1708583015, 414309704,141100296,4096,0.4724351329863043,0
1708583015, 414309704,141100304,4096,0.5098893329153809,0
1708583015, 414309704,141100312,4096,0.6084367139300313,0
1708583015, 414309704,141100320,4096,0.6387033108107956,0
1708583015, 414310778,141100328,4096,0.5608646170016394,0
1708583015, 414310778,141100336,4096,0.514951711465502,0
1708583015, 414310778,141100344,4096,0.6342123833837086,0
1708583015, 414318292,141100352,4096,0.6796270900461772,0
1708583015, 414318292,141100360,4096,0.6605825905366147,0
1708583015, 414319366,141100368,4096,0.5259705634505256,0
1708583015, 414319366,141100376,4096,0.5342956181741149,0
1708583015, 414319366,141100384,4096,0.6274540960928727,0
1708583015, 414320439,141100392,4096,0.6297938171077652,0
1708583015, 414320439,141100400,4096,0.6569551923136844,0
1708583015, 414320439,141100408,4096,0.6732691092170132,0
1708583015, 414320439,141100416,4096,0.5961974312695054,0
1708583015, 414321513,141100424,4096,0.6946252653135129,0
1708583015, 414321513,141100432,4096,0.635380853200901,0
1708583015, 414322586,141100440,4096,0.662522084819626,0
1708583015, 414322586,141100448,4096,0.6330965464237098,0
1708583015, 414322586,141100456,4096,0.5580162284552983,0
1708583015, 414322586,141100464,4096,-0.0,0
1708583015, 414323660,141100472,4096,-0.0,0
1708583015, 414370894,141100480,4096,-0.0,0
1708583015, 414370894,141100488,4096,-0.0,0
1708583015, 414371967,141100496,4096,-0.0,0
1708583015, 414371967,141100504,4096,-0.0,0
1708583015, 414371967,141100512,4096,-0.0,0
1708583015, 414373041,141100520,4096,-0.0,0
1708583015, 414373041,141100528,4096,-0.0,0
1708583015, 414373041,141100536,4096,-0.0,0
1708583015, 414374114,141100544,4096,-0.0,0
1708583015, 414374114,141100552,4096,-0.0,0
1708583015, 414375188,141100560,4096,-0.0,0
1708583015, 414375188,141100568,4096,-0.0,0
1708583015, 414375188,141100576,4096,-0.0,0
1708583015, 414376261,141100584,4096,-0.0,0
1708583015, 414376261,141100592,4096,-0.0,0
1708583015, 414377335,141100600,4096,-0.0,0
1708583015, 414382702,141100608,4096,-0.0,0
1708583015, 414383776,141100616,4096,-0.0,0
1708583015, 414383776,141100624,4096,-0.0,0
1708583015, 414383776,141100632,4096,-0.0,0
1708583015, 414383776,141100640,4096,-0.0,0
1708583015, 414384849,141100648,4096,-0.0,0
1708583015, 414384849,141100656,4096,-0.0,0
1708583015, 414384849,141100664,4096,-0.0,0
1708583015, 414385923,141100672,4096,-0.0,0
1708583015, 414385923,141100680,4096,-0.0,0
1708583015, 414385923,141100688,4096,-0.0,0
1708583015, 414386996,141100696,4096,-0.0,0
1708583015, 414386996,141100704,4096,-0.0,0
1708583015, 414386996,141100712,4096,-0.0,0
1708583015, 414386996,141100720,4096,-0.0,0
1708583015, 414388070,141100728,4096,-0.0,0
1708583015, 414434230,141100736,4096,-0.0,0
1708583015, 414434230,141100744,4096,-0.0,0
1708583015, 414435304,141100752,4096,-0.0,0
1708583015, 414435304,141100760,4096,-0.0,0
1708583015, 414436377,141100768,4096,-0.0,0
1708583015, 414436377,141100776,4096,-0.0,0
1708583015, 414436377,141100784,4096,-0.0,0
1708583015, 414437451,141100792,4096,-0.0,0
1708583015, 414437451,141100800,4096,-0.0,0
1708583015, 414437451,141100808,4096,-0.0,0
1708583015, 414438524,141100816,4096,-0.0,0
1708583015, 414438524,141100824,4096,-0.0,0
1708583015, 414438524,141100832,4096,-0.0,0
1708583015, 414439598,141100840,4096,-0.0,0
1708583015, 414439598,141100848,4096,-0.0,0
1708583015, 414439598,141100856,4096,-0.0,0
1708583015, 414444965,141100864,4096,-0.0,0
1708583015, 414444965,141100872,4096,-0.0,0
1708583015, 414444965,141100880,4096,-0.0,0
1708583015, 414446039,141100888,4096,-0.0,0
1708583015, 414446039,141100896,4096,-0.0,0
1708583015, 414447112,141100904,4096,-0.0,0
1708583015, 414447112,141100912,4096,-0.0,0
1708583015, 414447112,141100920,4096,-0.0,0
1708583015, 414447112,141100928,4096,-0.0,0
1708583015, 414448186,141100936,4096,-0.0,0
1708583015, 414448186,141100944,4096,-0.0,0
1708583015, 414448186,141100952,4096,-0.0,0
1708583015, 414449259,141100960,4096,-0.0,0
1708583015, 414449259,141100968,4096,-0.0,0
1708583015, 414449259,141100976,4096,-0.0,0
1708583015, 414450333,141100984,4096,-0.0,0
1708583015, 414495420,141100992,4096,-0.0,0
1708583015, 414496493,141101000,4096,-0.0,0
1708583015, 414496493,141101008,4096,-0.0,0
1708583015, 414497567,141101016,4096,-0.0,0
1708583015, 414497567,141101024,4096,-0.0,0
1708583015, 414497567,141101032,4096,-0.0,0
1708583015, 414498640,141101040,4096,-0.0,0
1708583015, 414498640,141101048,4096,-0.0,0
1708583015, 414498640,141101056,4096,-0.0,0
1708583015, 414499714,141101064,4096,-0.0,0
1708583015, 414499714,141101072,4096,-0.0,0
1708583015, 414499714,141101080,4096,-0.0,0
1708583015, 414500787,141101088,4096,-0.0,0
1708583015, 414500787,141101096,4096,-0.0,0
1708583015, 414500787,141101104,4096,-0.0,0
1708583015, 414500787,141101112,4096,-0.0,0
1708583015, 414507228,141101120,4096,-0.0,0
1708583015, 414507228,141101128,4096,-0.0,0
1708583015, 414507228,141101136,4096,-0.0,0
1708583015, 414507228,141101144,4096,-0.0,0
1708583015, 414508302,141101152,4096,-0.0,0
1708583015, 414508302,141101160,4096,-0.0,0
1708583015, 414508302,141101168,4096,-0.0,0
1708583015, 414509375,141101176,4096,-0.0,0
1708583015, 414509375,141101184,4096,-0.0,0
1708583015, 414509375,141101192,4096,-0.0,0
1708583015, 414510449,141101200,4096,-0.0,0
1708583015, 414510449,141101208,4096,-0.0,0
1708583015, 414510449,141101216,4096,-0.0,0
1708583015, 414511522,141101224,4096,-0.0,0
1708583015, 414511522,141101232,4096,-0.0,0
1708583015, 414512596,141101240,4096,-0.0,0
1708583015, 417513028,141101248,4096,0.5159731336811463,0
1708583015, 417513028,141101256,4096,0.5139013425005341,0
1708583015, 417514102,141101264,4096,0.49599682024225483,0
1708583015, 417514102,141101272,4096,0.5988904582916857,0
1708583015, 417514102,141101280,4096,0.49144790109656583,0
1708583015, 417514102,141101288,4096,0.5043556240653161,0
1708583015, 417515175,141101296,4096,0.5004113241537679,0
1708583015, 417515175,141101304,4096,0.5015416688806031,0
1708583015, 417515175,141101312,4096,0.5033239952000677,0
1708583015, 417516249,141101320,4096,0.5885590919414013,0
1708583015, 417516249,141101328,4096,0.4924304571066762,0
1708583015, 417516249,141101336,4096,0.4971767901156718,0
1708583015, 417517322,141101344,4096,0.49396101094231604,0
1708583015, 417517322,141101352,4096,0.4948220784025765,0
1708583015, 417517322,141101360,4096,0.49617231495556513,0
1708583015, 417518396,141101368,4096,0.5816686721185477,0
1708583015, 417542013,141101376,4096,0.49828289593590946,0
1708583015, 417542013,141101384,4096,0.4939982086073384,0
1708583015, 417543086,141101392,4096,0.5014197859478345,0
1708583015, 417543086,141101400,4096,0.4895234045153114,0
1708583015, 417544160,141101408,4096,0.5824025118799279,0
1708583015, 417544160,141101416,4096,0.4926719157555286,0
1708583015, 417544160,141101424,4096,0.4861000249249584,0
1708583015, 417545233,141101432,4096,0.487175111233077,0
1708583015, 417545233,141101440,4096,0.449823504543243,0
1708583015, 417545233,141101448,4096,0.42656331414014154,0
1708583015, 417546307,141101456,4096,0.4636908399353722,0
1708583015, 417546307,141101464,4096,0.5776424461164927,0
1708583015, 417546307,141101472,4096,0.5553770892133478,0
1708583015, 417546307,141101480,4096,0.5087565240092148,0
1708583015, 417547380,141101488,4096,0.6033705695862018,0
1708583015, 417547380,141101496,4096,0.5141564323189445,0
1708583015, 417596761,141101504,4096,0.541152892231335,0
1708583015, 417596761,141101512,4096,0.5547922029426621,0
1708583015, 417596761,141101520,4096,0.5902409660177546,0
1708583015, 417597835,141101528,4096,0.5659289523371254,0
1708583015, 417597835,141101536,4096,0.5898545973576129,0
1708583015, 417597835,141101544,4096,0.5455833357618618,0
1708583015, 417597835,141101552,4096,0.6129925839166452,0
1708583015, 417598908,141101560,4096,0.6204870569591471,0
1708583015, 417598908,141101568,4096,0.49461467062887776,0
1708583015, 417598908,141101576,4096,0.5014790129577844,0
1708583015, 417599982,141101584,4096,0.5452197372033152,0
1708583015, 417599982,141101592,4096,0.5825728662846155,0
1708583015, 417599982,141101600,4096,0.6134308692181903,0
1708583015, 417599982,141101608,4096,0.602749142617509,0
1708583015, 417601055,141101616,4096,0.51623919517721,0
1708583015, 417601055,141101624,4096,0.5994500371500802,0
1708583015, 417607496,141101632,4096,0.6277434102930184,0
1708583015, 417607496,141101640,4096,0.5720186381953838,0
1708583015, 417608570,141101648,4096,0.5478913461173318,0
1708583015, 417608570,141101656,4096,0.5880505815668247,0
1708583015, 417608570,141101664,4096,0.45274425706715815,0
1708583015, 417608570,141101672,4096,0.5005453394045718,0
1708583015, 417609643,141101680,4096,0.569398007836359,0
1708583015, 417609643,141101688,4096,0.520790217938114,0
1708583015, 417609643,141101696,4096,0.5918068653196188,0
1708583015, 417610717,141101704,4096,0.49503990333933773,0
1708583015, 417610717,141101712,4096,0.5163695606713579,0
1708583015, 417610717,141101720,4096,0.5043841536297905,0
1708583015, 417611790,141101728,4096,0.5476306573238408,0
1708583015, 417611790,141101736,4096,0.579436618981055,0
1708583015, 417611790,141101744,4096,0.4917245087947825,0
1708583015, 417611790,141101752,4096,0.5695071737764312,0
1708583015, 417660098,141101760,4096,0.5283443268932984,0
1708583015, 417660098,141101768,4096,0.5008390438048721,0
1708583015, 417660098,141101776,4096,0.495617326859954,0
1708583015, 417661171,141101784,4096,0.494304660195655,0
1708583015, 417661171,141101792,4096,0.49440782569077146,0
1708583015, 417661171,141101800,4096,0.49487559492745037,0
1708583015, 417662245,141101808,4096,0.4970799556782228,0
1708583015, 417662245,141101816,4096,0.49627845315079255,0
1708583015, 417662245,141101824,4096,0.4868524825774237,0
1708583015, 417663318,141101832,4096,0.4931749945948779,0
1708583015, 417663318,141101840,4096,0.492502812651597,0
1708583015, 417664392,141101848,4096,0.6066656111629527,0
1708583015, 417664392,141101856,4096,0.49685925707592354,0
1708583015, 417664392,141101864,4096,0.4946908071155858,0
1708583015, 417665465,141101872,4096,0.49492507349175996,0
1708583015, 417665465,141101880,4096,0.49406809733815704,0
1708583015, 417671906,141101888,4096,0.4966154706268268,0
1708583015, 417671906,141101896,4096,0.49642847263359996,0
1708583015, 417672980,141101904,4096,0.49143915226926327,0
1708583015, 417672980,141101912,4096,0.49374628560367134,0
1708583015, 417672980,141101920,4096,0.49303883702097195,0
1708583015, 417674053,141101928,4096,0.49612385463103625,0
1708583015, 417674053,141101936,4096,0.4958684312885176,0
1708583015, 417674053,141101944,4096,0.493592167026794,0
1708583015, 417674053,141101952,4096,0.4982933683531211,0
1708583015, 417675127,141101960,4096,0.4943855340493105,0
1708583015, 417675127,141101968,4096,0.5923819441176013,0
1708583015, 417675127,141101976,4096,0.4968970660253489,0
1708583015, 417676200,141101984,4096,0.4982411227556332,0
1708583015, 417676200,141101992,4096,0.4960758964120376,0
1708583015, 417676200,141102000,4096,0.49835509231888864,0
1708583015, 417676200,141102008,4096,0.4914549417946518,0
1708583015, 417725581,141102016,4096,0.49566042198152654,0
1708583015, 417725581,141102024,4096,0.49604226423274755,0
1708583015, 417725581,141102032,4096,0.49364109964512765,0
1708583015, 417726655,141102040,4096,0.49041486680621876,0
1708583015, 417726655,141102048,4096,0.4961623482223247,0
1708583015, 417726655,141102056,4096,0.5048865504633192,0
1708583015, 417726655,141102064,4096,0.5091574886751393,0
1708583015, 417727728,141102072,4096,0.6047791778522698,0
1708583015, 417727728,141102080,4096,0.5041103941527293,0
1708583015, 417727728,141102088,4096,0.5203210060830388,0
1708583015, 417728802,141102096,4096,0.4745371279322469,0
1708583015, 417728802,141102104,4096,0.47291340671616117,0
1708583015, 417728802,141102112,4096,0.47696269236430067,0
1708583015, 417729875,141102120,4096,0.47101915694234525,0
1708583015, 417729875,141102128,4096,0.47495756176868686,0
1708583015, 417729875,141102136,4096,0.4811319269185926,0
1708583015, 417737390,141102144,4096,0.48694794938963915,0
1708583015, 417738463,141102152,4096,0.5652202024133184,0
1708583015, 417738463,141102160,4096,0.5660426433262125,0
1708583015, 417738463,141102168,4096,0.4759701106455767,0
1708583015, 417739537,141102176,4096,0.5890297361633242,0
1708583015, 417739537,141102184,4096,0.5935353628759844,0
1708583015, 417739537,141102192,4096,0.40582345422251526,0
1708583015, 417740610,141102200,4096,0.34349800536051184,0
1708583015, 417740610,141102208,4096,0.33145976536542376,0
1708583015, 417741684,141102216,4096,0.5474947459468612,0
1708583015, 417741684,141102224,4096,0.4886964277419928,0
1708583015, 417741684,141102232,4096,0.6095102018917068,0
1708583015, 417742757,141102240,4096,0.5156457101364055,0
1708583015, 417742757,141102248,4096,0.5900218241912586,0
1708583015, 417743831,141102256,4096,0.4898685064034458,0
1708583015, 417743831,141102264,4096,0.4411460125786357,0
1708583015, 417793212,141102272,4096,0.46539581738612323,0
1708583015, 417794285,141102280,4096,0.5720678466002838,0
1708583015, 417794285,141102288,4096,0.5898577911587269,0
1708583015, 417794285,141102296,4096,0.5992518188619274,0
1708583015, 417794285,141102304,4096,0.5546103360079592,0
1708583015, 417795359,141102312,4096,0.5325316222815886,0
1708583015, 417795359,141102320,4096,0.5617710762304858,0
1708583015, 417796432,141102328,4096,0.5614204801749898,0
1708583015, 417796432,141102336,4096,0.47175607975354766,0
1708583015, 417796432,141102344,4096,0.5676867897284442,0
1708583015, 417797506,141102352,4096,0.6028745588382592,0
1708583015, 417797506,141102360,4096,0.5266229040314235,0
1708583015, 417798579,141102368,4096,0.4797664605835811,0
1708583015, 417798579,141102376,4096,0.5716527917569773,0
1708583015, 417798579,141102384,4096,0.5689995989594234,0
1708583015, 417799653,141102392,4096,0.5266395835012335,0
1708583015, 417807167,141102400,4096,0.47868382812280325,0
1708583015, 417808241,141102408,4096,0.4762951466620563,0
1708583015, 417808241,141102416,4096,0.5915223319792677,0
1708583015, 417809314,141102424,4096,0.5457895469491698,0
1708583015, 417809314,141102432,4096,0.606684960710998,0
1708583015, 417809314,141102440,4096,0.48968311103761836,0
1708583015, 417810388,141102448,4096,0.5359481063786664,0
1708583015, 417810388,141102456,4096,0.5819428973522689,0
1708583015, 417811461,141102464,4096,0.5461671031455552,0
1708583015, 417811461,141102472,4096,0.4597391349827356,0
1708583015, 417812535,141102480,4096,0.605651530180274,0
1708583015, 417812535,141102488,4096,0.6633870192017511,0
1708583015, 417813608,141102496,4096,0.6342938851769085,0
1708583015, 417813608,141102504,4096,0.6174070466726423,0
1708583015, 417813608,141102512,4096,0.45820931479964583,0
1708583015, 417813608,141102520,4096,0.5871666607201118,0
1708583015, 417862989,141102528,4096,0.6082637920364304,0
1708583015, 417862989,141102536,4096,0.5155446580046338,0
1708583015, 417862989,141102544,4096,0.4737666297428388,0
1708583015, 417862989,141102552,4096,0.6348569281334421,0
1708583015, 417864063,141102560,4096,0.6368281067503948,0
1708583015, 417864063,141102568,4096,0.49093061797364107,0
1708583015, 417864063,141102576,4096,0.6416263100147691,0
1708583015, 417865136,141102584,4096,0.5770700293421704,0
1708583015, 417865136,141102592,4096,0.5486993943435488,0
1708583015, 417865136,141102600,4096,0.6126863224982209,0
1708583015, 417866210,141102608,4096,0.5976262132111355,0
1708583015, 417866210,141102616,4096,0.5180752516164561,0
1708583015, 417866210,141102624,4096,0.6726071007602621,0
1708583015, 417866210,141102632,4096,0.5281323538410889,0
1708583015, 417867283,141102640,4096,0.6337419526538949,0
1708583015, 417867283,141102648,4096,0.5369378142305293,0
1708583015, 417875871,141102656,4096,0.5190623025304272,0
1708583015, 417875871,141102664,4096,0.6765116045806645,0
1708583015, 417876945,141102672,4096,0.6656100312914515,0
1708583015, 417876945,141102680,4096,0.6641539783657915,0
1708583015, 417876945,141102688,4096,0.6119506153394122,0
1708583015, 417878018,141102696,4096,0.4914100816945296,0
1708583015, 417878018,141102704,4096,0.4539543545113086,0
1708583015, 417879092,141102712,4096,0.5037998576299405,0
1708583015, 417879092,141102720,4096,0.45886822000450056,0
1708583015, 417879092,141102728,4096,0.5653344466477811,0
1708583015, 417880165,141102736,4096,0.6195068640841075,0
1708583015, 417880165,141102744,4096,0.557616861638725,0
1708583015, 417881239,141102752,4096,0.5048461217474507,0
1708583015, 417881239,141102760,4096,0.6827341198936636,0
1708583015, 417881239,141102768,4096,0.6316105308351994,0
1708583015, 417882312,141102776,4096,0.5122115158730705,0
1708583015, 417929546,141102784,4096,0.529930103935576,0
1708583015, 417929546,141102792,4096,0.7019736226874426,0
1708583015, 417930620,141102800,4096,0.6968013292764219,0
1708583015, 417930620,141102808,4096,0.6292841326500712,0
1708583015, 417930620,141102816,4096,0.6782142465040074,0
1708583015, 417931693,141102824,4096,0.6165848254936401,0
1708583015, 417931693,141102832,4096,0.6066758280997263,0
1708583015, 417932767,141102840,4096,0.6726440581134631,0
1708583015, 417932767,141102848,4096,0.539442068369236,0
1708583015, 417933840,141102856,4096,0.4796841686445431,0
1708583015, 417933840,141102864,4096,0.48051657550281873,0
1708583015, 417934914,141102872,4096,0.648410638990146,0
1708583015, 417934914,141102880,4096,0.5577622895580833,0
1708583015, 417935987,141102888,4096,0.4713494235463029,0
1708583015, 417935987,141102896,4096,0.47392315203199054,0
1708583015, 417935987,141102904,4096,0.6127253508340967,0
1708583015, 417941355,141102912,4096,0.4837399238862404,0
1708583015, 417942428,141102920,4096,0.5196967972228331,0
1708583015, 417942428,141102928,4096,0.5713415703605111,0
1708583015, 417943502,141102936,4096,0.6276079814429195,0
1708583015, 417943502,141102944,4096,-0.0,0
1708583015, 417943502,141102952,4096,-0.0,0
1708583015, 417944575,141102960,4096,-0.0,0
1708583015, 417944575,141102968,4096,-0.0,0
1708583015, 417944575,141102976,4096,-0.0,0
1708583015, 417945649,141102984,4096,-0.0,0
1708583015, 417945649,141102992,4096,-0.0,0
1708583015, 417945649,141103000,4096,-0.0,0
1708583015, 417945649,141103008,4096,-0.0,0
1708583015, 417946722,141103016,4096,-0.0,0
1708583015, 417946722,141103024,4096,-0.0,0
1708583015, 417946722,141103032,4096,-0.0,0
1708583015, 417993956,141103040,4096,-0.0,0
1708583015, 417993956,141103048,4096,-0.0,0
1708583015, 417993956,141103056,4096,-0.0,0
1708583015, 417995030,141103064,4096,-0.0,0
1708583015, 417995030,141103072,4096,-0.0,0
1708583015, 417995030,141103080,4096,-0.0,0
1708583015, 417996103,141103088,4096,-0.0,0
1708583015, 417996103,141103096,4096,-0.0,0
1708583015, 417996103,141103104,4096,-0.0,0
1708583015, 417996103,141103112,4096,-0.0,0
1708583015, 417997177,141103120,4096,-0.0,0
1708583015, 417997177,141103128,4096,-0.0,0
1708583015, 417997177,141103136,4096,-0.0,0
1708583015, 417998250,141103144,4096,-0.0,0
1708583015, 417998250,141103152,4096,-0.0,0
1708583015, 417998250,141103160,4096,-0.0,0
1708583015, 418003618,141103168,4096,-0.0,0
1708583015, 418004691,141103176,4096,-0.0,0
1708583015, 418004691,141103184,4096,-0.0,0
1708583015, 418004691,141103192,4096,-0.0,0
1708583015, 418005765,141103200,4096,-0.0,0
1708583015, 418005765,141103208,4096,-0.0,0
1708583015, 418005765,141103216,4096,-0.0,0
1708583015, 418005765,141103224,4096,-0.0,0
1708583015, 418006838,141103232,4096,-0.0,0
1708583015, 418006838,141103240,4096,-0.0,0
1708583015, 418006838,141103248,4096,-0.0,0
1708583015, 418007912,141103256,4096,-0.0,0
1708583015, 418007912,141103264,4096,-0.0,0
1708583015, 418008985,141103272,4096,-0.0,0
1708583015, 418008985,141103280,4096,-0.0,0
1708583015, 418008985,141103288,4096,-0.0,0
1708583015, 422271854,141103296,4096,0.49175434081330405,0
1708583015, 422271854,141103304,4096,0.6208117660416694,0
1708583015, 422271854,141103312,4096,0.5458351056291644,0
1708583015, 422272927,141103320,4096,0.5211036311497496,0
1708583015, 422272927,141103328,4096,0.4427310732723875,0
1708583015, 422272927,141103336,4096,0.48476850076017947,0
1708583015, 422272927,141103344,4096,0.5017584113074525,0
1708583015, 422274001,141103352,4096,0.5528606721635186,0
1708583015, 422274001,141103360,4096,0.518895659562123,0
1708583015, 422274001,141103368,4096,0.5884120124501812,0
1708583015, 422274001,141103376,4096,0.5395431197882485,0
1708583015, 422274001,141103384,4096,0.5778059880950804,0
1708583015, 422275074,141103392,4096,0.6078821059408335,0
1708583015, 422275074,141103400,4096,0.5140868110654125,0
1708583015, 422275074,141103408,4096,0.535384812238234,0
1708583015, 422275074,141103416,4096,0.6310272560256636,0
1708583015, 422280442,141103424,4096,0.6081619363431037,0
1708583015, 422280442,141103432,4096,0.6728955202392229,0
1708583015, 422280442,141103440,4096,0.5970304116902664,0
1708583015, 422281515,141103448,4096,0.5561552416399045,0
1708583015, 422281515,141103456,4096,0.6075966562706769,0
1708583015, 422281515,141103464,4096,0.5914358001712493,0
1708583015, 422281515,141103472,4096,0.5892911635784109,0
1708583015, 422281515,141103480,4096,0.5490501207078796,0
1708583015, 422282589,141103488,4096,0.509130732202452,0
1708583015, 422282589,141103496,4096,0.5560111450427014,0
1708583015, 422282589,141103504,4096,0.489006970779486,0
1708583015, 422282589,141103512,4096,0.45930043861185244,0
1708583015, 422282589,141103520,4096,0.5900997625877282,0
1708583015, 422283662,141103528,4096,0.49811862084465264,0
1708583015, 422283662,141103536,4096,0.46653173112693125,0
1708583015, 422283662,141103544,4096,0.471903265503544,0
1708583015, 422330896,141103552,4096,0.5899643430082511,0
1708583015, 422330896,141103560,4096,0.4795740871884093,0
1708583015, 422330896,141103568,4096,0.4783945223010535,0
1708583015, 422330896,141103576,4096,0.4839636495002308,0
1708583015, 422330896,141103584,4096,0.5856617799842199,0
1708583015, 422331970,141103592,4096,0.557171747500069,0
1708583015, 422331970,141103600,4096,0.6134172928052599,0
1708583015, 422331970,141103608,4096,0.47567802536860815,0
1708583015, 422331970,141103616,4096,0.47922296179037754,0
1708583015, 422331970,141103624,4096,0.48668046798329045,0
1708583015, 422333043,141103632,4096,0.5747086659583936,0
1708583015, 422333043,141103640,4096,0.665723525624942,0
1708583015, 422333043,141103648,4096,0.6223184363822436,0
1708583015, 422333043,141103656,4096,0.5592198258861694,0
1708583015, 422333043,141103664,4096,0.5653623493170912,0
1708583015, 422334117,141103672,4096,0.5487201233108923,0
1708583015, 422338411,141103680,4096,0.48178683606903083,0
1708583015, 422339484,141103688,4096,0.5326174413157619,0
1708583015, 422339484,141103696,4096,0.5803947615223999,0
1708583015, 422339484,141103704,4096,0.46318954429403975,0
1708583015, 422340558,141103712,4096,0.5766621733990499,0
1708583015, 422340558,141103720,4096,0.6372210912457804,0
1708583015, 422341631,141103728,4096,0.6484488304629478,0
1708583015, 422341631,141103736,4096,0.4834373056168926,0
1708583015, 422341631,141103744,4096,0.5244910898100145,0
1708583015, 422342705,141103752,4096,0.5268302291373472,0
1708583015, 422342705,141103760,4096,0.6099789765311713,0
1708583015, 422342705,141103768,4096,0.5190406949577185,0
1708583015, 422343778,141103776,4096,0.5214979296054266,0
1708583015, 422343778,141103784,4096,0.5793010836810446,0
1708583015, 422343778,141103792,4096,0.5768491403495166,0
1708583015, 422344852,141103800,4096,0.5889086829680521,0
1708583015, 422387792,141103808,4096,0.7176712740748473,0
1708583015, 422387792,141103816,4096,0.5679915928433205,0
1708583015, 422388865,141103824,4096,0.48642353958021267,0
1708583015, 422388865,141103832,4096,0.6171938495860564,0
1708583015, 422388865,141103840,4096,0.5548959536499266,0
1708583015, 422388865,141103848,4096,0.5284289127525039,0
1708583015, 422388865,141103856,4096,0.4593532086220499,0
1708583015, 422389939,141103864,4096,0.45685600584819597,0
1708583015, 422389939,141103872,4096,0.6656111411915879,0
1708583015, 422389939,141103880,4096,0.6214015747493603,0
1708583015, 422389939,141103888,4096,0.630635069208533,0
1708583015, 422391012,141103896,4096,0.6542534958009235,0
1708583015, 422391012,141103904,4096,0.7026225195288787,0
1708583015, 422391012,141103912,4096,0.6240380979030479,0
1708583015, 422391012,141103920,4096,0.674962741672252,0
1708583015, 422392086,141103928,4096,0.6447930042092112,0
1708583015, 422397453,141103936,4096,0.6460020734117246,0
1708583015, 422397453,141103944,4096,0.47555735896979545,0
1708583015, 422397453,141103952,4096,0.4782361454907733,0
1708583015, 422397453,141103960,4096,0.5886080750662339,0
1708583015, 422398527,141103968,4096,0.5600258455827675,0
1708583015, 422398527,141103976,4096,0.5771509792681254,0
1708583015, 422398527,141103984,4096,0.5715162721100788,0
1708583015, 422399600,141103992,4096,0.6561947612045766,0
1708583015, 422399600,141104000,4096,0.6227242848100282,0
1708583015, 422399600,141104008,4096,0.5888796128609326,0
1708583015, 422400674,141104016,4096,0.6702985175966967,0
1708583015, 422400674,141104024,4096,0.6300114737950013,0
1708583015, 422400674,141104032,4096,0.603438849547327,0
1708583015, 422401747,141104040,4096,0.5931762948490684,0
1708583015, 422401747,141104048,4096,0.5864106839137034,0
1708583015, 422402821,141104056,4096,0.3024740371853847,0
1708583015, 422443614,141104064,4096,-0.0,0
1708583015, 422443614,141104072,4096,-0.0,0
1708583015, 422444687,141104080,4096,-0.0,0
1708583015, 422444687,141104088,4096,-0.0,0
1708583015, 422444687,141104096,4096,-0.0,0
1708583015, 422444687,141104104,4096,-0.0,0
1708583015, 422444687,141104112,4096,-0.0,0
1708583015, 422445761,141104120,4096,-0.0,0
1708583015, 422445761,141104128,4096,-0.0,0
1708583015, 422446834,141104136,4096,-0.0,0
1708583015, 422446834,141104144,4096,-0.0,0
1708583015, 422446834,141104152,4096,-0.0,0
1708583015, 422447908,141104160,4096,-0.0,0
1708583015, 422447908,141104168,4096,-0.0,0
1708583015, 422447908,141104176,4096,-0.0,0
1708583015, 422448981,141104184,4096,-0.0,0
1708583015, 422453275,141104192,4096,-0.0,0
1708583015, 422453275,141104200,4096,-0.0,0
1708583015, 422454349,141104208,4096,-0.0,0
1708583015, 422454349,141104216,4096,-0.0,0
1708583015, 422454349,141104224,4096,-0.0,0
1708583015, 422455422,141104232,4096,-0.0,0
1708583015, 422455422,141104240,4096,-0.0,0
1708583015, 422456496,141104248,4096,-0.0,0
1708583015, 422456496,141104256,4096,-0.0,0
1708583015, 422456496,141104264,4096,-0.0,0
1708583015, 422456496,141104272,4096,-0.0,0
1708583015, 422457569,141104280,4096,-0.0,0
1708583015, 422457569,141104288,4096,-0.0,0
1708583015, 422457569,141104296,4096,-0.0,0
1708583015, 422457569,141104304,4096,-0.0,0
1708583015, 422457569,141104312,4096,-0.0,0
1708583015, 422505877,141104320,4096,-0.0,0
1708583015, 422505877,141104328,4096,-0.0,0
1708583015, 422506950,141104336,4096,-0.0,0
1708583015, 422506950,141104344,4096,-0.0,0
1708583015, 422506950,141104352,4096,-0.0,0
1708583015, 422506950,141104360,4096,-0.0,0
1708583015, 422506950,141104368,4096,-0.0,0
1708583015, 422506950,141104376,4096,-0.0,0
1708583015, 422508024,141104384,4096,-0.0,0
1708583015, 422508024,141104392,4096,-0.0,0
1708583015, 422508024,141104400,4096,-0.0,0
1708583015, 422508024,141104408,4096,-0.0,0
1708583015, 422509097,141104416,4096,-0.0,0
1708583015, 422509097,141104424,4096,-0.0,0
1708583015, 422509097,141104432,4096,-0.0,0
1708583015, 422510171,141104440,4096,-0.0,0
1708583015, 422515538,141104448,4096,-0.0,0
1708583015, 422515538,141104456,4096,-0.0,0
1708583015, 422515538,141104464,4096,-0.0,0
1708583015, 422516612,141104472,4096,-0.0,0
1708583015, 422516612,141104480,4096,-0.0,0
1708583015, 422517685,141104488,4096,-0.0,0
1708583015, 422517685,141104496,4096,-0.0,0
1708583015, 422517685,141104504,4096,-0.0,0
1708583015, 422518759,141104512,4096,-0.0,0
1708583015, 422518759,141104520,4096,-0.0,0
1708583015, 422518759,141104528,4096,-0.0,0
1708583015, 422519832,141104536,4096,-0.0,0
1708583015, 422519832,141104544,4096,-0.0,0
1708583015, 422520906,141104552,4096,-0.0,0
1708583015, 422520906,141104560,4096,-0.0,0
1708583015, 422520906,141104568,4096,-0.0,0
1708583015, 422561699,141104576,4096,-0.0,0
1708583015, 422561699,141104584,4096,-0.0,0
1708583015, 422561699,141104592,4096,-0.0,0
1708583015, 422561699,141104600,4096,-0.0,0
1708583015, 422562772,141104608,4096,-0.0,0
1708583015, 422562772,141104616,4096,-0.0,0
1708583015, 422562772,141104624,4096,-0.0,0
1708583015, 422562772,141104632,4096,-0.0,0
1708583015, 422562772,141104640,4096,-0.0,0
1708583015, 422562772,141104648,4096,-0.0,0
1708583015, 422563846,141104656,4096,-0.0,0
1708583015, 422563846,141104664,4096,-0.0,0
1708583015, 422563846,141104672,4096,-0.0,0
1708583015, 422563846,141104680,4096,-0.0,0
1708583015, 422563846,141104688,4096,-0.0,0
1708583015, 422564919,141104696,4096,-0.0,0
1708583015, 422568140,141104704,4096,-0.0,0
1708583015, 422568140,141104712,4096,-0.0,0
1708583015, 422569213,141104720,4096,-0.0,0
1708583015, 422569213,141104728,4096,-0.0,0
1708583015, 422569213,141104736,4096,-0.0,0
1708583015, 422570287,141104744,4096,-0.0,0
1708583015, 422570287,141104752,4096,-0.0,0
1708583015, 422571360,141104760,4096,-0.0,0
1708583015, 422571360,141104768,4096,-0.0,0
1708583015, 422572434,141104776,4096,-0.0,0
1708583015, 422572434,141104784,4096,-0.0,0
1708583015, 422572434,141104792,4096,-0.0,0
1708583015, 422573507,141104800,4096,-0.0,0
1708583015, 422573507,141104808,4096,-0.0,0
1708583015, 422574581,141104816,4096,-0.0,0
1708583015, 422574581,141104824,4096,-0.0,0
1708583015, 422618594,141104832,4096,-0.0,0
1708583015, 422619668,141104840,4096,-0.0,0
1708583015, 422619668,141104848,4096,-0.0,0
1708583015, 422619668,141104856,4096,-0.0,0
1708583015, 422619668,141104864,4096,-0.0,0
1708583015, 422620741,141104872,4096,-0.0,0
1708583015, 422620741,141104880,4096,-0.0,0
1708583015, 422620741,141104888,4096,-0.0,0
1708583015, 422620741,141104896,4096,-0.0,0
1708583015, 422620741,141104904,4096,-0.0,0
1708583015, 422621815,141104912,4096,-0.0,0
1708583015, 422621815,141104920,4096,-0.0,0
1708583015, 422621815,141104928,4096,-0.0,0
1708583015, 422621815,141104936,4096,-0.0,0
1708583015, 422621815,141104944,4096,-0.0,0
1708583015, 422622888,141104952,4096,-0.0,0
1708583015, 422626109,141104960,4096,-0.0,0
1708583015, 422626109,141104968,4096,-0.0,0
1708583015, 422627182,141104976,4096,-0.0,0
1708583015, 422627182,141104984,4096,-0.0,0
1708583015, 422627182,141104992,4096,-0.0,0
1708583015, 422627182,141105000,4096,-0.0,0
1708583015, 422628256,141105008,4096,-0.0,0
1708583015, 422628256,141105016,4096,-0.0,0
1708583015, 422628256,141105024,4096,-0.0,0
1708583015, 422629329,141105032,4096,-0.0,0
1708583015, 422629329,141105040,4096,-0.0,0
1708583015, 422630403,141105048,4096,-0.0,0
1708583015, 422630403,141105056,4096,-0.0,0
1708583015, 422630403,141105064,4096,-0.0,0
1708583015, 422631476,141105072,4096,-0.0,0
1708583015, 422631476,141105080,4096,-0.0,0
1708583015, 422676563,141105088,4096,-0.0,0
1708583015, 422676563,141105096,4096,-0.0,0
1708583015, 422676563,141105104,4096,-0.0,0
1708583015, 422676563,141105112,4096,-0.0,0
1708583015, 422677637,141105120,4096,-0.0,0
1708583015, 422677637,141105128,4096,-0.0,0
1708583015, 422677637,141105136,4096,-0.0,0
1708583015, 422677637,141105144,4096,-0.0,0
1708583015, 422678710,141105152,4096,-0.0,0
1708583015, 422678710,141105160,4096,-0.0,0
1708583015, 422678710,141105168,4096,-0.0,0
1708583015, 422678710,141105176,4096,-0.0,0
1708583015, 422679784,141105184,4096,-0.0,0
1708583015, 422679784,141105192,4096,-0.0,0
1708583015, 422679784,141105200,4096,-0.0,0
1708583015, 422679784,141105208,4096,-0.0,0
1708583015, 422684078,141105216,4096,-0.0,0
1708583015, 422684078,141105224,4096,-0.0,0
1708583015, 422684078,141105232,4096,-0.0,0
1708583015, 422684078,141105240,4096,-0.0,0
1708583015, 422685151,141105248,4096,-0.0,0
1708583015, 422685151,141105256,4096,-0.0,0
1708583015, 422685151,141105264,4096,-0.0,0
1708583015, 422685151,141105272,4096,-0.0,0
1708583015, 422685151,141105280,4096,-0.0,0
1708583015, 422686225,141105288,4096,-0.0,0
1708583015, 422686225,141105296,4096,-0.0,0
1708583015, 422686225,141105304,4096,-0.0,0
1708583015, 422687298,141105312,4096,-0.0,0
1708583015, 422687298,141105320,4096,-0.0,0
1708583015, 422687298,141105328,4096,-0.0,0
1708583015, 422688372,141105336,4096,-0.0,0
1708583015, 429020948,141105344,4096,0.6009565299268858,0
1708583015, 429022022,141105352,4096,0.5508636669034057,0
1708583015, 429022022,141105360,4096,0.4287226099663113,0
1708583015, 429022022,141105368,4096,0.5164145117433743,0
1708583015, 429023095,141105376,4096,0.5347255085070073,0
1708583015, 429023095,141105384,4096,0.5929974526200251,0
1708583015, 429023095,141105392,4096,0.5201908846771658,0
1708583015, 429024169,141105400,4096,0.4979697332266314,0
1708583015, 429024169,141105408,4096,0.5463390003765514,0
1708583015, 429024169,141105416,4096,0.6430960575280099,0
1708583015, 429025242,141105424,4096,0.5686059474611921,0
1708583015, 429025242,141105432,4096,0.5991496551955574,0
1708583015, 429025242,141105440,4096,0.4984941601649758,0
1708583015, 429026316,141105448,4096,0.5869169942954393,0
1708583015, 429026316,141105456,4096,0.5802006559717099,0
1708583015, 429026316,141105464,4096,0.5662807789249392,0
1708583015, 429032757,141105472,4096,0.5822435270373416,0
1708583015, 429032757,141105480,4096,0.6212142192563296,0
1708583015, 429033830,141105488,4096,0.501506062214981,0
1708583015, 429033830,141105496,4096,0.5596253437690601,0
1708583015, 429033830,141105504,4096,0.511871318397767,0
1708583015, 429034904,141105512,4096,0.551711429354651,0
1708583015, 429034904,141105520,4096,0.5732475547606868,0
1708583015, 429034904,141105528,4096,0.55552638581591,0
1708583015, 429035977,141105536,4096,0.5864792296601119,0
1708583015, 429035977,141105544,4096,0.5939191768087112,0
1708583015, 429037051,141105552,4096,0.6016705074215078,0
1708583015, 429037051,141105560,4096,0.6056315096976514,0
1708583015, 429037051,141105568,4096,0.5152636181293625,0
1708583015, 429038124,141105576,4096,0.52120123941712,0
1708583015, 429038124,141105584,4096,0.4810964738928242,0
1708583015, 429039198,141105592,4096,0.574591775743624,0
1708583015, 429088579,141105600,4096,0.47826673083968013,0
1708583015, 429088579,141105608,4096,0.4802434514667885,0
1708583015, 429088579,141105616,4096,0.5831290709685091,0
1708583015, 429089652,141105624,4096,0.6047180534759229,0
1708583015, 429089652,141105632,4096,0.48331628729778686,0
1708583015, 429089652,141105640,4096,0.4780348169727902,0
1708583015, 429090726,141105648,4096,0.5587458882933436,0
1708583015, 429090726,141105656,4096,0.47255899383937255,0
1708583015, 429090726,141105664,4096,0.47329810820260426,0
1708583015, 429090726,141105672,4096,0.48097288859024256,0
1708583015, 429091799,141105680,4096,0.4735745657434486,0
1708583015, 429091799,141105688,4096,0.4898057291863504,0
1708583015, 429091799,141105696,4096,0.47960963189323735,0
1708583015, 429092873,141105704,4096,0.4816745013834324,0
1708583015, 429092873,141105712,4096,0.4815062344695667,0
1708583015, 429092873,141105720,4096,0.5765563102754581,0
1708583015, 429099314,141105728,4096,0.550508306055697,0
1708583015, 429099314,141105736,4096,0.5749284923052553,0
1708583015, 429100387,141105744,4096,0.6380606186105965,0
1708583015, 429100387,141105752,4096,0.556297438486721,0
1708583015, 429101461,141105760,4096,0.6065599480681321,0
1708583015, 429101461,141105768,4096,0.6166550631671551,0
1708583015, 429101461,141105776,4096,0.6366543217707712,0
1708583015, 429102534,141105784,4096,0.6343875505421515,0
1708583015, 429102534,141105792,4096,0.48223524547954566,0
1708583015, 429102534,141105800,4096,0.481705297095891,0
1708583015, 429103608,141105808,4096,0.578983324882491,0
1708583015, 429103608,141105816,4096,0.570392960412363,0
1708583015, 429104681,141105824,4096,0.6158496789195476,0
1708583015, 429104681,141105832,4096,0.590088917638513,0
1708583015, 429104681,141105840,4096,0.5565208125760179,0
1708583015, 429105755,141105848,4096,0.5512894005838116,0
1708583015, 429155136,141105856,4096,0.6151407183849231,0
1708583015, 429155136,141105864,4096,0.6315117921560389,0
1708583015, 429156209,141105872,4096,0.6752004548587502,0
1708583015, 429156209,141105880,4096,0.6498543587059795,0
1708583015, 429156209,141105888,4096,0.6445623325423259,0
1708583015, 429157283,141105896,4096,0.622249970820576,0
1708583015, 429157283,141105904,4096,0.6482805988249728,0
1708583015, 429157283,141105912,4096,0.603942897666276,0
1708583015, 429158356,141105920,4096,0.6003273665706605,0
1708583015, 429158356,141105928,4096,0.5858230046459468,0
1708583015, 429158356,141105936,4096,0.6097038742850343,0
1708583015, 429159430,141105944,4096,0.5995908163988379,0
1708583015, 429159430,141105952,4096,0.6764693161823317,0
1708583015, 429159430,141105960,4096,0.6225934207546939,0
1708583015, 429160503,141105968,4096,0.5722551971143566,0
1708583015, 429160503,141105976,4096,0.5899216458656994,0
1708583015, 429169091,141105984,4096,0.5793859006172494,0
1708583015, 429169091,141105992,4096,0.4767645749827853,0
1708583015, 429169091,141106000,4096,0.6346255116537008,0
1708583015, 429169091,141106008,4096,0.4634506273891469,0
1708583015, 429170165,141106016,4096,0.492316831045039,0
1708583015, 429170165,141106024,4096,0.6505515268884071,0
1708583015, 429171238,141106032,4096,0.5937640183124779,0
1708583015, 429171238,141106040,4096,0.5722694227039902,0
1708583015, 429172312,141106048,4096,0.6404466792085606,0
1708583015, 429172312,141106056,4096,0.5982179791954236,0
1708583015, 429172312,141106064,4096,0.6275739193030135,0
1708583015, 429173385,141106072,4096,0.6073538049844781,0
1708583015, 429173385,141106080,4096,0.7081514955455733,0
1708583015, 429174459,141106088,4096,0.6120345971064338,0
1708583015, 429174459,141106096,4096,0.6241029396907072,0
1708583015, 429174459,141106104,4096,0.6007699585930429,0
1708583015, 429220619,141106112,4096,0.4566860102136378,0
1708583015, 429220619,141106120,4096,0.4818914805641988,0
1708583015, 429221693,141106128,4096,0.10549747498439763,0
1708583015, 429221693,141106136,4096,-0.0,0
1708583015, 429221693,141106144,4096,-0.0,0
1708583015, 429221693,141106152,4096,-0.0,0
1708583015, 429222766,141106160,4096,-0.0,0
1708583015, 429222766,141106168,4096,-0.0,0
1708583015, 429223840,141106176,4096,-0.0,0
1708583015, 429223840,141106184,4096,-0.0,0
1708583015, 429223840,141106192,4096,-0.0,0
1708583015, 429224913,141106200,4096,-0.0,0
1708583015, 429224913,141106208,4096,-0.0,0
1708583015, 429225987,141106216,4096,-0.0,0
1708583015, 429225987,141106224,4096,-0.0,0
1708583015, 429225987,141106232,4096,-0.0,0
1708583015, 429231354,141106240,4096,-0.0,0
1708583015, 429232428,141106248,4096,-0.0,0
1708583015, 429232428,141106256,4096,-0.0,0
1708583015, 429232428,141106264,4096,-0.0,0
1708583015, 429233501,141106272,4096,-0.0,0
1708583015, 429233501,141106280,4096,-0.0,0
1708583015, 429234575,141106288,4096,-0.0,0
1708583015, 429234575,141106296,4096,-0.0,0
1708583015, 429234575,141106304,4096,-0.0,0
1708583015, 429235648,141106312,4096,-0.0,0
1708583015, 429235648,141106320,4096,-0.0,0
1708583015, 429236722,141106328,4096,-0.0,0
1708583015, 429236722,141106336,4096,-0.0,0
1708583015, 429236722,141106344,4096,-0.0,0
1708583015, 429237795,141106352,4096,-0.0,0
1708583015, 429237795,141106360,4096,-0.0,0
1708583015, 429283956,141106368,4096,-0.0,0
1708583015, 429283956,141106376,4096,-0.0,0
1708583015, 429285029,141106384,4096,-0.0,0
1708583015, 429285029,141106392,4096,-0.0,0
1708583015, 429285029,141106400,4096,-0.0,0
1708583015, 429285029,141106408,4096,-0.0,0
1708583015, 429286103,141106416,4096,-0.0,0
1708583015, 429286103,141106424,4096,-0.0,0
1708583015, 429287176,141106432,4096,-0.0,0
1708583015, 429287176,141106440,4096,-0.0,0
1708583015, 429287176,141106448,4096,-0.0,0
1708583015, 429288250,141106456,4096,-0.0,0
1708583015, 429288250,141106464,4096,-0.0,0
1708583015, 429289323,141106472,4096,-0.0,0
1708583015, 429289323,141106480,4096,-0.0,0
1708583015, 429289323,141106488,4096,-0.0,0
1708583015, 429293617,141106496,4096,-0.0,0
1708583015, 429294691,141106504,4096,-0.0,0
1708583015, 429294691,141106512,4096,-0.0,0
1708583015, 429294691,141106520,4096,-0.0,0
1708583015, 429295764,141106528,4096,-0.0,0
1708583015, 429295764,141106536,4096,-0.0,0
1708583015, 429295764,141106544,4096,-0.0,0
1708583015, 429295764,141106552,4096,-0.0,0
1708583015, 429296838,141106560,4096,-0.0,0
1708583015, 429296838,141106568,4096,-0.0,0
1708583015, 429297911,141106576,4096,-0.0,0
1708583015, 429297911,141106584,4096,-0.0,0
1708583015, 429297911,141106592,4096,-0.0,0
1708583015, 429298985,141106600,4096,-0.0,0
1708583015, 429298985,141106608,4096,-0.0,0
1708583015, 429298985,141106616,4096,-0.0,0
1708583015, 429345145,141106624,4096,-0.0,0
1708583015, 429345145,141106632,4096,-0.0,0
1708583015, 429346219,141106640,4096,-0.0,0
1708583015, 429346219,141106648,4096,-0.0,0
1708583015, 429346219,141106656,4096,-0.0,0
1708583015, 429347292,141106664,4096,-0.0,0
1708583015, 429347292,141106672,4096,-0.0,0
1708583015, 429347292,141106680,4096,-0.0,0
1708583015, 429348366,141106688,4096,-0.0,0
1708583015, 429348366,141106696,4096,-0.0,0
1708583015, 429348366,141106704,4096,-0.0,0
1708583015, 429348366,141106712,4096,-0.0,0
1708583015, 429349439,141106720,4096,-0.0,0
1708583015, 429349439,141106728,4096,-0.0,0
1708583015, 429349439,141106736,4096,-0.0,0
1708583015, 429350513,141106744,4096,-0.0,0
1708583015, 429354807,141106752,4096,-0.0,0
1708583015, 429355880,141106760,4096,-0.0,0
1708583015, 429355880,141106768,4096,-0.0,0
1708583015, 429356954,141106776,4096,-0.0,0
1708583015, 429356954,141106784,4096,-0.0,0
1708583015, 429358027,141106792,4096,-0.0,0
1708583015, 429358027,141106800,4096,-0.0,0
1708583015, 429358027,141106808,4096,-0.0,0
1708583015, 429359101,141106816,4096,-0.0,0
1708583015, 429359101,141106824,4096,-0.0,0
1708583015, 429360174,141106832,4096,-0.0,0
1708583015, 429360174,141106840,4096,-0.0,0
1708583015, 429361248,141106848,4096,-0.0,0
1708583015, 429361248,141106856,4096,-0.0,0
1708583015, 429362321,141106864,4096,-0.0,0
1708583015, 429362321,141106872,4096,-0.0,0
1708583015, 429409555,141106880,4096,-0.0,0
1708583015, 429409555,141106888,4096,-0.0,0
1708583015, 429409555,141106896,4096,-0.0,0
1708583015, 429410629,141106904,4096,-0.0,0
1708583015, 429410629,141106912,4096,-0.0,0
1708583015, 429410629,141106920,4096,-0.0,0
1708583015, 429411702,141106928,4096,-0.0,0
1708583015, 429411702,141106936,4096,-0.0,0
1708583015, 429411702,141106944,4096,-0.0,0
1708583015, 429412776,141106952,4096,-0.0,0
1708583015, 429412776,141106960,4096,-0.0,0
1708583015, 429412776,141106968,4096,-0.0,0
1708583015, 429412776,141106976,4096,-0.0,0
1708583015, 429413849,141106984,4096,-0.0,0
1708583015, 429413849,141106992,4096,-0.0,0
1708583015, 429413849,141107000,4096,-0.0,0
1708583015, 429419217,141107008,4096,-0.0,0
1708583015, 429420290,141107016,4096,-0.0,0
1708583015, 429420290,141107024,4096,-0.0,0
1708583015, 429420290,141107032,4096,-0.0,0
1708583015, 429421364,141107040,4096,-0.0,0
1708583015, 429421364,141107048,4096,-0.0,0
1708583015, 429422437,141107056,4096,-0.0,0
1708583015, 429422437,141107064,4096,-0.0,0
1708583015, 429422437,141107072,4096,-0.0,0
1708583015, 429423511,141107080,4096,-0.0,0
1708583015, 429423511,141107088,4096,-0.0,0
1708583015, 429424584,141107096,4096,-0.0,0
1708583015, 429424584,141107104,4096,-0.0,0
1708583015, 429425658,141107112,4096,-0.0,0
1708583015, 429425658,141107120,4096,-0.0,0
1708583015, 429425658,141107128,4096,-0.0,0
1708583015, 429471818,141107136,4096,-0.0,0
1708583015, 429471818,141107144,4096,-0.0,0
1708583015, 429472892,141107152,4096,-0.0,0
1708583015, 429472892,141107160,4096,-0.0,0
1708583015, 429473965,141107168,4096,-0.0,0
1708583015, 429473965,141107176,4096,-0.0,0
1708583015, 429473965,141107184,4096,-0.0,0
1708583015, 429475039,141107192,4096,-0.0,0
1708583015, 429475039,141107200,4096,-0.0,0
1708583015, 429475039,141107208,4096,-0.0,0
1708583015, 429476112,141107216,4096,-0.0,0
1708583015, 429476112,141107224,4096,-0.0,0
1708583015, 429476112,141107232,4096,-0.0,0
1708583015, 429477186,141107240,4096,-0.0,0
1708583015, 429477186,141107248,4096,-0.0,0
1708583015, 429477186,141107256,4096,-0.0,0
1708583015, 429481480,141107264,4096,-0.0,0
1708583015, 429482553,141107272,4096,-0.0,0
1708583015, 429482553,141107280,4096,-0.0,0
1708583015, 429482553,141107288,4096,-0.0,0
1708583015, 429483627,141107296,4096,-0.0,0
1708583015, 429483627,141107304,4096,-0.0,0
1708583015, 429483627,141107312,4096,-0.0,0
1708583015, 429483627,141107320,4096,-0.0,0
1708583015, 429484700,141107328,4096,-0.0,0
1708583015, 429484700,141107336,4096,-0.0,0
1708583015, 429485774,141107344,4096,-0.0,0
1708583015, 429485774,141107352,4096,-0.0,0
1708583015, 429485774,141107360,4096,-0.0,0
1708583015, 429486847,141107368,4096,-0.0,0
1708583015, 429486847,141107376,4096,-0.0,0
1708583015, 429487921,141107384,4096,-0.0,0
1708583015, 433294552,141107392,4096,0.5278473588677315,0
1708583015, 433295625,141107400,4096,0.6317810505873994,0
1708583015, 433295625,141107408,4096,0.5527145888116378,0
1708583015, 433295625,141107416,4096,0.5101531118878879,0
1708583015, 433296699,141107424,4096,0.5766288792029898,0
1708583015, 433296699,141107432,4096,0.5266273804812769,0
1708583015, 433296699,141107440,4096,0.4932374528966803,0
1708583015, 433297772,141107448,4096,0.6033867482177336,0
1708583015, 433297772,141107456,4096,0.519687392056436,0
1708583015, 433297772,141107464,4096,0.5360054396994753,0
1708583015, 433298846,141107472,4096,0.5871514273080104,0
1708583015, 433298846,141107480,4096,0.5909647167090513,0
1708583015, 433298846,141107488,4096,0.5367631144073934,0
1708583015, 433298846,141107496,4096,0.5496042280490516,0
1708583015, 433299919,141107504,4096,0.5669213593167577,0
1708583015, 433299919,141107512,4096,0.5672983818972104,0
1708583015, 433306360,141107520,4096,0.6142073342204298,0
1708583015, 433306360,141107528,4096,0.5698894751830461,0
1708583015, 433306360,141107536,4096,0.5964947288565975,0
1708583015, 433307434,141107544,4096,0.6276398319296628,0
1708583015, 433307434,141107552,4096,0.5621801659699269,0
1708583015, 433307434,141107560,4096,0.5238510859883524,0
1708583015, 433308507,141107568,4096,0.6232011209632192,0
1708583015, 433308507,141107576,4096,0.5597030008706783,0
1708583015, 433308507,141107584,4096,0.5423176761380003,0
1708583015, 433309581,141107592,4096,0.6278716832130156,0
1708583015, 433309581,141107600,4096,0.5979670020741323,0
1708583015, 433309581,141107608,4096,0.5746051724206727,0
1708583015, 433309581,141107616,4096,0.4926002758012504,0
1708583015, 433310654,141107624,4096,0.5910576026885868,0
1708583015, 433310654,141107632,4096,0.5339763852067074,0
1708583015, 433311728,141107640,4096,0.5903593269691823,0
1708583015, 433360035,141107648,4096,0.6245772121211108,0
1708583015, 433360035,141107656,4096,0.5519183194778404,0
1708583015, 433360035,141107664,4096,0.588340328742911,0
1708583015, 433360035,141107672,4096,0.4833293645102525,0
1708583015, 433361109,141107680,4096,0.4794169939171085,0
1708583015, 433361109,141107688,4096,0.47538474752465854,0
1708583015, 433361109,141107696,4096,0.5632996708507365,0
1708583015, 433362182,141107704,4096,0.6162351617794264,0
1708583015, 433362182,141107712,4096,0.48728413513380014,0
1708583015, 433362182,141107720,4096,0.475476713105922,0
1708583015, 433362182,141107728,4096,0.4718002832367341,0
1708583015, 433363256,141107736,4096,0.5628368392394323,0
1708583015, 433363256,141107744,4096,0.62860409044332,0
1708583015, 433363256,141107752,4096,0.6033108168232741,0
1708583015, 433364329,141107760,4096,0.49131619146135386,0
1708583015, 433364329,141107768,4096,0.6089863150055286,0
1708583015, 433370770,141107776,4096,0.6904305524209746,0
1708583015, 433371844,141107784,4096,0.6665017466154993,0
1708583015, 433371844,141107792,4096,0.6202144752454771,0
1708583015, 433372917,141107800,4096,0.6092710332287058,0
1708583015, 433372917,141107808,4096,0.567140159172144,0
1708583015, 433372917,141107816,4096,0.6078274915914149,0
1708583015, 433373991,141107824,4096,0.6212280241818975,0
1708583015, 433373991,141107832,4096,0.5980890732091766,0
1708583015, 433375064,141107840,4096,0.6518721715895135,0
1708583015, 433375064,141107848,4096,0.6415341625180935,0
1708583015, 433375064,141107856,4096,0.6215742112694151,0
1708583015, 433376138,141107864,4096,0.5993902998157676,0
1708583015, 433377211,141107872,4096,0.6386316267995832,0
1708583015, 433377211,141107880,4096,0.6307174131746076,0
1708583015, 433377211,141107888,4096,0.6958379581681218,0
1708583015, 433378285,141107896,4096,0.6232424657611242,0
1708583015, 433427666,141107904,4096,0.6614693723917097,0
1708583015, 433427666,141107912,4096,0.6475424796612758,0
1708583015, 433427666,141107920,4096,0.5936837665531177,0
1708583015, 433428739,141107928,4096,0.5992027824118163,0
1708583015, 433428739,141107936,4096,0.6385951242985195,0
1708583015, 433428739,141107944,4096,0.6417454994606787,0
1708583015, 433429813,141107952,4096,0.6322519304407406,0
1708583015, 433429813,141107960,4096,0.4599243572365268,0
1708583015, 433429813,141107968,4096,0.46226528896969177,0
1708583015, 433429813,141107976,4096,0.5716473492500513,0
1708583015, 433430886,141107984,4096,0.5919586848173013,0
1708583015, 433430886,141107992,4096,0.5164389428486775,0
1708583015, 433431960,141108000,4096,0.5154666090829743,0
1708583015, 433431960,141108008,4096,0.47861040609234934,0
1708583015, 433431960,141108016,4096,0.40800851053423204,0
1708583015, 433433033,141108024,4096,0.5130484431405559,0
1708583015, 433440548,141108032,4096,0.3484149604424754,0
1708583015, 433440548,141108040,4096,0.3360510771736289,0
1708583015, 433441621,141108048,4096,0.47039450460712445,0
1708583015, 433441621,141108056,4096,0.5347857236806716,0
1708583015, 433441621,141108064,4096,0.620430997708278,0
1708583015, 433442695,141108072,4096,0.5209966983050871,0
1708583015, 433442695,141108080,4096,0.5544086722013174,0
1708583015, 433442695,141108088,4096,0.6047266006459159,0
1708583015, 433443768,141108096,4096,0.4839458033199781,0
1708583015, 433443768,141108104,4096,0.4845474801334833,0
1708583015, 433443768,141108112,4096,0.5316947534257617,0
1708583015, 433443768,141108120,4096,0.6059584946918143,0
1708583015, 433444842,141108128,4096,0.5906400959208558,0
1708583015, 433444842,141108136,4096,0.5514198739783319,0
1708583015, 433444842,141108144,4096,0.591474024332571,0
1708583015, 433445915,141108152,4096,0.6433009902473166,0
1708583015, 433494223,141108160,4096,0.5594198281228443,0
1708583015, 433495296,141108168,4096,0.5634448193161842,0
1708583015, 433495296,141108176,4096,0.41553613976263154,0
1708583015, 433495296,141108184,4096,0.4927874640589743,0
1708583015, 433496370,141108192,4096,0.698067391764675,0
1708583015, 433496370,141108200,4096,0.5929973842197162,0
1708583015, 433496370,141108208,4096,0.4556293118072023,0
1708583015, 433496370,141108216,4096,0.6532393403738564,0
1708583015, 433497443,141108224,4096,0.46610702330518544,0
1708583015, 433497443,141108232,4096,0.4580320874911408,0
1708583015, 433497443,141108240,4096,0.5648577992725218,0
1708583015, 433498517,141108248,4096,0.6703085913870384,0
1708583015, 433498517,141108256,4096,0.6278564746407741,0
1708583015, 433499590,141108264,4096,0.5577702768025093,0
1708583015, 433499590,141108272,4096,0.44851332073225236,0
1708583015, 433499590,141108280,4096,0.4474326011849385,0
1708583015, 433506031,141108288,4096,0.49349629946341433,0
1708583015, 433506031,141108296,4096,0.2565851647680602,0
1708583015, 433506031,141108304,4096,-0.0,0
1708583015, 433507105,141108312,4096,-0.0,0
1708583015, 433508178,141108320,4096,-0.0,0
1708583015, 433508178,141108328,4096,-0.0,0
1708583015, 433508178,141108336,4096,-0.0,0
1708583015, 433509252,141108344,4096,-0.0,0
1708583015, 433509252,141108352,4096,-0.0,0
1708583015, 433510325,141108360,4096,-0.0,0
1708583015, 433510325,141108368,4096,-0.0,0
1708583015, 433510325,141108376,4096,-0.0,0
1708583015, 433510325,141108384,4096,-0.0,0
1708583015, 433511399,141108392,4096,-0.0,0
1708583015, 433511399,141108400,4096,-0.0,0
1708583015, 433511399,141108408,4096,-0.0,0
1708583015, 433557559,141108416,4096,-0.0,0
1708583015, 433558633,141108424,4096,-0.0,0
1708583015, 433558633,141108432,4096,-0.0,0
1708583015, 433558633,141108440,4096,-0.0,0
1708583015, 433558633,141108448,4096,-0.0,0
1708583015, 433559706,141108456,4096,-0.0,0
1708583015, 433559706,141108464,4096,-0.0,0
1708583015, 433559706,141108472,4096,-0.0,0
1708583015, 433559706,141108480,4096,-0.0,0
1708583015, 433560780,141108488,4096,-0.0,0
1708583015, 433560780,141108496,4096,-0.0,0
1708583015, 433560780,141108504,4096,-0.0,0
1708583015, 433561853,141108512,4096,-0.0,0
1708583015, 433561853,141108520,4096,-0.0,0
1708583015, 433561853,141108528,4096,-0.0,0
1708583015, 433562927,141108536,4096,-0.0,0
1708583015, 433567221,141108544,4096,-0.0,0
1708583015, 433567221,141108552,4096,-0.0,0
1708583015, 433567221,141108560,4096,-0.0,0
1708583015, 433568294,141108568,4096,-0.0,0
1708583015, 433568294,141108576,4096,-0.0,0
1708583015, 433568294,141108584,4096,-0.0,0
1708583015, 433569368,141108592,4096,-0.0,0
1708583015, 433569368,141108600,4096,-0.0,0
1708583015, 433569368,141108608,4096,-0.0,0
1708583015, 433570441,141108616,4096,-0.0,0
1708583015, 433570441,141108624,4096,-0.0,0
1708583015, 433570441,141108632,4096,-0.0,0
1708583015, 433571515,141108640,4096,-0.0,0
1708583015, 433571515,141108648,4096,-0.0,0
1708583015, 433571515,141108656,4096,-0.0,0
1708583015, 433572588,141108664,4096,-0.0,0
1708583015, 433617675,141108672,4096,-0.0,0
1708583015, 433618749,141108680,4096,-0.0,0
1708583015, 433618749,141108688,4096,-0.0,0
1708583015, 433618749,141108696,4096,-0.0,0
1708583015, 433619822,141108704,4096,-0.0,0
1708583015, 433619822,141108712,4096,-0.0,0
1708583015, 433619822,141108720,4096,-0.0,0
1708583015, 433620896,141108728,4096,-0.0,0
1708583015, 433620896,141108736,4096,-0.0,0
1708583015, 433620896,141108744,4096,-0.0,0
1708583015, 433621969,141108752,4096,-0.0,0
1708583015, 433621969,141108760,4096,-0.0,0
1708583015, 433621969,141108768,4096,-0.0,0
1708583015, 433623043,141108776,4096,-0.0,0
1708583015, 433623043,141108784,4096,-0.0,0
1708583015, 433623043,141108792,4096,-0.0,0
1708583015, 433627337,141108800,4096,-0.0,0
1708583015, 433628410,141108808,4096,-0.0,0
1708583015, 433628410,141108816,4096,-0.0,0
1708583015, 433629484,141108824,4096,-0.0,0
1708583015, 433629484,141108832,4096,-0.0,0
1708583015, 433629484,141108840,4096,-0.0,0
1708583015, 433630557,141108848,4096,-0.0,0
1708583015, 433630557,141108856,4096,-0.0,0
1708583015, 433631631,141108864,4096,-0.0,0
1708583015, 433631631,141108872,4096,-0.0,0
1708583015, 433632704,141108880,4096,-0.0,0
1708583015, 433632704,141108888,4096,-0.0,0
1708583015, 433632704,141108896,4096,-0.0,0
1708583015, 433633778,141108904,4096,-0.0,0
1708583015, 433633778,141108912,4096,-0.0,0
1708583015, 433634851,141108920,4096,-0.0,0
1708583015, 433681012,141108928,4096,-0.0,0
1708583015, 433681012,141108936,4096,-0.0,0
1708583015, 433682085,141108944,4096,-0.0,0
1708583015, 433682085,141108952,4096,-0.0,0
1708583015, 433683159,141108960,4096,-0.0,0
1708583015, 433683159,141108968,4096,-0.0,0
1708583015, 433683159,141108976,4096,-0.0,0
1708583015, 433684232,141108984,4096,-0.0,0
1708583015, 433684232,141108992,4096,-0.0,0
1708583015, 433684232,141109000,4096,-0.0,0
1708583015, 433684232,141109008,4096,-0.0,0
1708583015, 433685306,141109016,4096,-0.0,0
1708583015, 433685306,141109024,4096,-0.0,0
1708583015, 433685306,141109032,4096,-0.0,0
1708583015, 433686379,141109040,4096,-0.0,0
1708583015, 433686379,141109048,4096,-0.0,0
1708583015, 433690673,141109056,4096,-0.0,0
1708583015, 433691747,141109064,4096,-0.0,0
1708583015, 433691747,141109072,4096,-0.0,0
1708583015, 433692820,141109080,4096,-0.0,0
1708583015, 433692820,141109088,4096,-0.0,0
1708583015, 433692820,141109096,4096,-0.0,0
1708583015, 433693894,141109104,4096,-0.0,0
1708583015, 433693894,141109112,4096,-0.0,0
1708583015, 433694967,141109120,4096,-0.0,0
1708583015, 433694967,141109128,4096,-0.0,0
1708583015, 433694967,141109136,4096,-0.0,0
1708583015, 433696041,141109144,4096,-0.0,0
1708583015, 433696041,141109152,4096,-0.0,0
1708583015, 433697114,141109160,4096,-0.0,0
1708583015, 433697114,141109168,4096,-0.0,0
1708583015, 433698188,141109176,4096,-0.0,0
1708583015, 433744348,141109184,4096,-0.0,0
1708583015, 433744348,141109192,4096,-0.0,0
1708583015, 433744348,141109200,4096,-0.0,0
1708583015, 433745422,141109208,4096,-0.0,0
1708583015, 433745422,141109216,4096,-0.0,0
1708583015, 433746495,141109224,4096,-0.0,0
1708583015, 433746495,141109232,4096,-0.0,0
1708583015, 433747569,141109240,4096,-0.0,0
1708583015, 433747569,141109248,4096,-0.0,0
1708583015, 433747569,141109256,4096,-0.0,0
1708583015, 433748642,141109264,4096,-0.0,0
1708583015, 433748642,141109272,4096,-0.0,0
1708583015, 433748642,141109280,4096,-0.0,0
1708583015, 433749716,141109288,4096,-0.0,0
1708583015, 433749716,141109296,4096,-0.0,0
1708583015, 433749716,141109304,4096,-0.0,0
1708583015, 433755083,141109312,4096,-0.0,0
1708583015, 433755083,141109320,4096,-0.0,0
1708583015, 433755083,141109328,4096,-0.0,0
1708583015, 433756157,141109336,4096,-0.0,0
1708583015, 433756157,141109344,4096,-0.0,0
1708583015, 433756157,141109352,4096,-0.0,0
1708583015, 433756157,141109360,4096,-0.0,0
1708583015, 433757230,141109368,4096,-0.0,0
1708583015, 433757230,141109376,4096,-0.0,0
1708583015, 433757230,141109384,4096,-0.0,0
1708583015, 433758304,141109392,4096,-0.0,0
1708583015, 433758304,141109400,4096,-0.0,0
1708583015, 433759377,141109408,4096,-0.0,0
1708583015, 433759377,141109416,4096,-0.0,0
1708583015, 433759377,141109424,4096,-0.0,0
1708583015, 433760451,141109432,4096,-0.0,0
1708583015, 437675505,141109440,4096,0.4984770296909842,0
1708583015, 437675505,141109448,4096,0.4845015252087248,0
1708583015, 437676579,141109456,4096,0.4817693664595614,0
1708583015, 437676579,141109464,4096,0.4922057358442895,0
1708583015, 437676579,141109472,4096,0.4919208164275788,0
1708583015, 437677652,141109480,4096,0.4919153732695642,0
1708583015, 437677652,141109488,4096,0.4940376140447741,0
1708583015, 437677652,141109496,4096,0.49711193385664154,0
1708583015, 437678726,141109504,4096,0.4970026540646704,0
1708583015, 437678726,141109512,4096,0.48902106725670963,0
1708583015, 437678726,141109520,4096,0.4883345879593053,0
1708583015, 437679799,141109528,4096,0.4913267742248857,0
1708583015, 437679799,141109536,4096,0.4915912806030818,0
1708583015, 437679799,141109544,4096,0.4889481766646439,0
1708583015, 437680873,141109552,4096,0.503039950404121,0
1708583015, 437680873,141109560,4096,0.4878943916377573,0
1708583015, 437687314,141109568,4096,0.4919868687310878,0
1708583015, 437687314,141109576,4096,0.49535586484033434,0
1708583015, 437687314,141109584,4096,0.4915871428915652,0
1708583015, 437688387,141109592,4096,0.4976325581583303,0
1708583015, 437688387,141109600,4096,0.4935392717870191,0
1708583015, 437688387,141109608,4096,0.4900238142892587,0
1708583015, 437689461,141109616,4096,0.498269903666105,0
1708583015, 437689461,141109624,4096,0.493240014700025,0
1708583015, 437690534,141109632,4096,0.4918127552364741,0
1708583015, 437690534,141109640,4096,0.4880712113624276,0
1708583015, 437690534,141109648,4096,0.4875488215801859,0
1708583015, 437691608,141109656,4096,0.4898096771988438,0
1708583015, 437691608,141109664,4096,0.49736220963303757,0
1708583015, 437692681,141109672,4096,0.4811973708160031,0
1708583015, 437692681,141109680,4096,0.4861466211365216,0
1708583015, 437693755,141109688,4096,0.4863088925821824,0
1708583015, 437743136,141109696,4096,0.49276753117894195,0
1708583015, 437743136,141109704,4096,0.4916497103111079,0
1708583015, 437744209,141109712,4096,0.49872079866671554,0
1708583015, 437744209,141109720,4096,0.48995164248150674,0
1708583015, 437744209,141109728,4096,0.5009576221094348,0
1708583015, 437744209,141109736,4096,0.4994314445846571,0
1708583015, 437745283,141109744,4096,0.4864449441499314,0
1708583015, 437745283,141109752,4096,0.4886197272715265,0
1708583015, 437745283,141109760,4096,0.4929741539014922,0
1708583015, 437746356,141109768,4096,0.502786810171999,0
1708583015, 437746356,141109776,4096,0.4913431179040777,0
1708583015, 437746356,141109784,4096,0.49051727817825974,0
1708583015, 437746356,141109792,4096,0.4912446321764437,0
1708583015, 437747430,141109800,4096,0.4876970620778138,0
1708583015, 437747430,141109808,4096,0.49476455608351705,0
1708583015, 437747430,141109816,4096,0.48619484892255815,0
1708583015, 437753871,141109824,4096,0.49162107539165456,0
1708583015, 437754944,141109832,4096,0.48171109907774606,0
1708583015, 437754944,141109840,4096,0.47474532186420487,0
1708583015, 437756018,141109848,4096,0.47003922819606037,0
1708583015, 437756018,141109856,4096,0.4961046499548062,0
1708583015, 437757091,141109864,4096,0.4953522939198188,0
1708583015, 437757091,141109872,4096,0.49356767424368264,0
1708583015, 437757091,141109880,4096,0.48693781497317246,0
1708583015, 437758165,141109888,4096,0.49294650114287103,0
1708583015, 437758165,141109896,4096,0.4902573993197683,0
1708583015, 437759238,141109904,4096,0.4888422583640859,0
1708583015, 437759238,141109912,4096,0.4807312440344881,0
1708583015, 437759238,141109920,4096,0.4936742222482194,0
1708583015, 437760312,141109928,4096,0.49668153619796807,0
1708583015, 437760312,141109936,4096,0.49637340985453987,0
1708583015, 437761385,141109944,4096,0.4932554990462237,0
1708583015, 437809693,141109952,4096,0.49383543674240293,0
1708583015, 437810766,141109960,4096,0.4934707793668254,0
1708583015, 437810766,141109968,4096,0.4962924445410826,0
1708583015, 437810766,141109976,4096,0.4894387092164876,0
1708583015, 437810766,141109984,4096,0.4903302212598705,0
1708583015, 437811840,141109992,4096,0.4856055301824632,0
1708583015, 437811840,141110000,4096,0.4743054151822002,0
1708583015, 437811840,141110008,4096,0.474347335118738,0
1708583015, 437812913,141110016,4096,0.4901084628031182,0
1708583015, 437812913,141110024,4096,0.4872242597158792,0
1708583015, 437813987,141110032,4096,0.48688691083030544,0
1708583015, 437813987,141110040,4096,0.4806788890953328,0
1708583015, 437813987,141110048,4096,0.5004165748128071,0
1708583015, 437815060,141110056,4096,0.4966462665814148,0
1708583015, 437815060,141110064,4096,0.49301244041319503,0
1708583015, 437815060,141110072,4096,0.4912416199416062,0
1708583015, 437822575,141110080,4096,0.46715783432974506,0
1708583015, 437823648,141110088,4096,0.49428086022025947,0
1708583015, 437823648,141110096,4096,0.4521842127208368,0
1708583015, 437823648,141110104,4096,0.48464743103593116,0
1708583015, 437824722,141110112,4096,0.5009861049854327,0
1708583015, 437824722,141110120,4096,0.49805481361410875,0
1708583015, 437824722,141110128,4096,0.4917964724142567,0
1708583015, 437825795,141110136,4096,0.4918131045511814,0
1708583015, 437825795,141110144,4096,0.49826212499439215,0
1708583015, 437825795,141110152,4096,0.49491787067303783,0
1708583015, 437825795,141110160,4096,0.4950398466703978,0
1708583015, 437826869,141110168,4096,0.4963197185230955,0
1708583015, 437826869,141110176,4096,0.4953242143205144,0
1708583015, 437826869,141110184,4096,0.4837129796279685,0
1708583015, 437827942,141110192,4096,0.49390510553119826,0
1708583015, 437827942,141110200,4096,0.49736500193058236,0
1708583015, 437876250,141110208,4096,0.4959509630924623,0
1708583015, 437876250,141110216,4096,0.5022373003594189,0
1708583015, 437876250,141110224,4096,0.48951537925619926,0
1708583015, 437876250,141110232,4096,0.4915162455457567,0
1708583015, 437877323,141110240,4096,0.4831118533912264,0
1708583015, 437877323,141110248,4096,0.487528404182418,0
1708583015, 437877323,141110256,4096,0.493424456445686,0
1708583015, 437878397,141110264,4096,0.49465241702036866,0
1708583015, 437878397,141110272,4096,0.48804981327296915,0
1708583015, 437879470,141110280,4096,0.4916841545809862,0
1708583015, 437879470,141110288,4096,0.4941850329269428,0
1708583015, 437879470,141110296,4096,0.5113696975974457,0
1708583015, 437880544,141110304,4096,0.15238122091552903,0
1708583015, 437880544,141110312,4096,-0.0,0
1708583015, 437881617,141110320,4096,-0.0,0
1708583015, 437881617,141110328,4096,-0.0,0
1708583015, 437886985,141110336,4096,-0.0,0
1708583015, 437888058,141110344,4096,-0.0,0
1708583015, 437888058,141110352,4096,-0.0,0
1708583015, 437889132,141110360,4096,-0.0,0
1708583015, 437889132,141110368,4096,-0.0,0
1708583015, 437889132,141110376,4096,-0.0,0
1708583015, 437890205,141110384,4096,-0.0,0
1708583015, 437890205,141110392,4096,-0.0,0
1708583015, 437891279,141110400,4096,-0.0,0
1708583015, 437891279,141110408,4096,-0.0,0
1708583015, 437891279,141110416,4096,-0.0,0
1708583015, 437892352,141110424,4096,-0.0,0
1708583015, 437892352,141110432,4096,-0.0,0
1708583015, 437893426,141110440,4096,-0.0,0
1708583015, 437893426,141110448,4096,-0.0,0
1708583015, 437894499,141110456,4096,-0.0,0
1708583015, 437939586,141110464,4096,-0.0,0
1708583015, 437939586,141110472,4096,-0.0,0
1708583015, 437940660,141110480,4096,-0.0,0
1708583015, 437940660,141110488,4096,-0.0,0
1708583015, 437940660,141110496,4096,-0.0,0
1708583015, 437940660,141110504,4096,-0.0,0
1708583015, 437941733,141110512,4096,-0.0,0
1708583015, 437941733,141110520,4096,-0.0,0
1708583015, 437942807,141110528,4096,-0.0,0
1708583015, 437942807,141110536,4096,-0.0,0
1708583015, 437942807,141110544,4096,-0.0,0
1708583015, 437943880,141110552,4096,-0.0,0
1708583015, 437943880,141110560,4096,-0.0,0
1708583015, 437944954,141110568,4096,-0.0,0
1708583015, 437944954,141110576,4096,-0.0,0
1708583015, 437944954,141110584,4096,-0.0,0
1708583015, 437949248,141110592,4096,-0.0,0
1708583015, 437949248,141110600,4096,-0.0,0
1708583015, 437950321,141110608,4096,-0.0,0
1708583015, 437950321,141110616,4096,-0.0,0
1708583015, 437950321,141110624,4096,-0.0,0
1708583015, 437951395,141110632,4096,-0.0,0
1708583015, 437951395,141110640,4096,-0.0,0
1708583015, 437951395,141110648,4096,-0.0,0
1708583015, 437952468,141110656,4096,-0.0,0
1708583015, 437952468,141110664,4096,-0.0,0
1708583015, 437953542,141110672,4096,-0.0,0
1708583015, 437953542,141110680,4096,-0.0,0
1708583015, 437953542,141110688,4096,-0.0,0
1708583015, 437954615,141110696,4096,-0.0,0
1708583015, 437954615,141110704,4096,-0.0,0
1708583015, 437954615,141110712,4096,-0.0,0
1708583015, 438000776,141110720,4096,-0.0,0
1708583015, 438000776,141110728,4096,-0.0,0
1708583015, 438001849,141110736,4096,-0.0,0
1708583015, 438001849,141110744,4096,-0.0,0
1708583015, 438001849,141110752,4096,-0.0,0
1708583015, 438002923,141110760,4096,-0.0,0
1708583015, 438002923,141110768,4096,-0.0,0
1708583015, 438002923,141110776,4096,-0.0,0
1708583015, 438003996,141110784,4096,-0.0,0
1708583015, 438003996,141110792,4096,-0.0,0
1708583015, 438003996,141110800,4096,-0.0,0
1708583015, 438003996,141110808,4096,-0.0,0
1708583015, 438005070,141110816,4096,-0.0,0
1708583015, 438005070,141110824,4096,-0.0,0
1708583015, 438005070,141110832,4096,-0.0,0
1708583015, 438006143,141110840,4096,-0.0,0
1708583015, 438011511,141110848,4096,-0.0,0
1708583015, 438011511,141110856,4096,-0.0,0
1708583015, 438012584,141110864,4096,-0.0,0
1708583015, 438012584,141110872,4096,-0.0,0
1708583015, 438012584,141110880,4096,-0.0,0
1708583015, 438013658,141110888,4096,-0.0,0
1708583015, 438013658,141110896,4096,-0.0,0
1708583015, 438014731,141110904,4096,-0.0,0
1708583015, 438014731,141110912,4096,-0.0,0
1708583015, 438015805,141110920,4096,-0.0,0
1708583015, 438015805,141110928,4096,-0.0,0
1708583015, 438015805,141110936,4096,-0.0,0
1708583015, 438016878,141110944,4096,-0.0,0
1708583015, 438016878,141110952,4096,-0.0,0
1708583015, 438017952,141110960,4096,-0.0,0
1708583015, 438017952,141110968,4096,-0.0,0
1708583015, 438065186,141110976,4096,-0.0,0
1708583015, 438065186,141110984,4096,-0.0,0
1708583015, 438066259,141110992,4096,-0.0,0
1708583015, 438066259,141111000,4096,-0.0,0
1708583015, 438067333,141111008,4096,-0.0,0
1708583015, 438067333,141111016,4096,-0.0,0
1708583015, 438067333,141111024,4096,-0.0,0
1708583015, 438068406,141111032,4096,-0.0,0
1708583015, 438068406,141111040,4096,-0.0,0
1708583015, 438068406,141111048,4096,-0.0,0
1708583015, 438068406,141111056,4096,-0.0,0
1708583015, 438069480,141111064,4096,-0.0,0
1708583015, 438069480,141111072,4096,-0.0,0
1708583015, 438069480,141111080,4096,-0.0,0
1708583015, 438070553,141111088,4096,-0.0,0
1708583015, 438070553,141111096,4096,-0.0,0
1708583015, 438075921,141111104,4096,-0.0,0
1708583015, 438075921,141111112,4096,-0.0,0
1708583015, 438075921,141111120,4096,-0.0,0
1708583015, 438076994,141111128,4096,-0.0,0
1708583015, 438076994,141111136,4096,-0.0,0
1708583015, 438076994,141111144,4096,-0.0,0
1708583015, 438078068,141111152,4096,-0.0,0
1708583015, 438078068,141111160,4096,-0.0,0
1708583015, 438079141,141111168,4096,-0.0,0
1708583015, 438079141,141111176,4096,-0.0,0
1708583015, 438079141,141111184,4096,-0.0,0
1708583015, 438080215,141111192,4096,-0.0,0
1708583015, 438080215,141111200,4096,-0.0,0
1708583015, 438081288,141111208,4096,-0.0,0
1708583015, 438081288,141111216,4096,-0.0,0
1708583015, 438081288,141111224,4096,-0.0,0
1708583015, 438127449,141111232,4096,-0.0,0
1708583015, 438127449,141111240,4096,-0.0,0
1708583015, 438127449,141111248,4096,-0.0,0
1708583015, 438128522,141111256,4096,-0.0,0
1708583015, 438128522,141111264,4096,-0.0,0
1708583015, 438129596,141111272,4096,-0.0,0
1708583015, 438129596,141111280,4096,-0.0,0
1708583015, 438129596,141111288,4096,-0.0,0
1708583015, 438130669,141111296,4096,-0.0,0
1708583015, 438130669,141111304,4096,-0.0,0
1708583015, 438130669,141111312,4096,-0.0,0
1708583015, 438131743,141111320,4096,-0.0,0
1708583015, 438131743,141111328,4096,-0.0,0
1708583015, 438131743,141111336,4096,-0.0,0
1708583015, 438132816,141111344,4096,-0.0,0
1708583015, 438132816,141111352,4096,-0.0,0
1708583015, 438137110,141111360,4096,-0.0,0
1708583015, 438138184,141111368,4096,-0.0,0
1708583015, 438138184,141111376,4096,-0.0,0
1708583015, 438138184,141111384,4096,-0.0,0
1708583015, 438138184,141111392,4096,-0.0,0
1708583015, 438139257,141111400,4096,-0.0,0
1708583015, 438139257,141111408,4096,-0.0,0
1708583015, 438139257,141111416,4096,-0.0,0
1708583015, 438140331,141111424,4096,-0.0,0
1708583015, 438140331,141111432,4096,-0.0,0
1708583015, 438140331,141111440,4096,-0.0,0
1708583015, 438141404,141111448,4096,-0.0,0
1708583015, 438141404,141111456,4096,-0.0,0
1708583015, 438142478,141111464,4096,-0.0,0
1708583015, 438142478,141111472,4096,-0.0,0
1708583015, 438142478,141111480,4096,-0.0,0
1708583015, 443819146,7407216,4096,0.4193826855010017,0
1708583015, 443820219,7407224,4096,0.28557448382399014,0
1708583015, 443820219,7407232,4096,0.3570972464541192,0
1708583015, 443821293,7407240,4096,0.056245975515198304,0
1708583015, 445714947,161281056,512,0.3572205024382784,0
1708583016, 282856122,116236848,4096,0.48292164009081145,0
1708583016, 282856122,116236856,4096,0.49011068383322415,0
1708583016, 282856122,116236864,4096,0.4859970148421162,0
1708583016, 282857196,116236872,4096,0.4170494113981288,0
1708583016, 283243656,116236880,4096,0.4777772364330359,0
1708583016, 283243656,116236888,4096,0.5210392708899673,0
1708583016, 283243656,116236896,4096,-0.0,0
1708583016, 283244729,116236904,4096,-0.0,0
1708583016, 283590396,116236912,4096,0.47990247320797247,0
1708583016, 283590396,116236920,4096,0.3882347268118339,0
1708583016, 283591470,116236928,4096,-0.0,0
1708583016, 283592543,116236936,4096,-0.0,0
1708583016, 283931769,116236944,4096,0.47074694567868614,0
1708583016, 283931769,116236952,4096,0.5635353514456,0
1708583016, 283932843,116236960,4096,0.2220508517426571,0
1708583016, 283932843,116236968,4096,-0.0,0
1708583016, 284283877,116236976,4096,0.4875260385995178,0
1708583016, 284284951,116236984,4096,-0.0,0
1708583016, 284284951,116236992,4096,-0.0,0
1708583016, 284286024,116237000,4096,-0.0,0
1708583016, 284628471,116237008,4096,0.495645085890097,0
1708583016, 284628471,116237016,4096,0.49129928358312414,0
1708583016, 284629544,116237024,4096,0.07016960634256511,0
1708583016, 284629544,116237032,4096,-0.0,0
1708583016, 284941933,116237040,4096,0.5037128693729467,0
1708583016, 284941933,116237048,4096,0.49685369501787713,0
1708583016, 284943006,116237056,4096,-0.0,0
1708583016, 284944080,116237064,4096,-0.0,0
1708583016, 285306923,116237072,4096,0.42340006748628667,0
1708583016, 285306923,116237080,4096,-0.0,0
1708583016, 285348789,116698016,4096,-0.0,0
1708583016, 285348789,116698024,4096,-0.0,0
1708583016, 285602135,116698032,4096,0.5058732653188819,0
1708583016, 285602135,116698040,4096,0.04546297238314533,0
1708583016, 285602135,116698048,4096,-0.0,0
1708583016, 285603209,116698056,4096,-0.0,0
1708583016, 285913450,116698064,4096,0.4757996813547689,0
1708583016, 285913450,116698072,4096,-0.0,0
1708583016, 285914524,116698080,4096,-0.0,0
1708583016, 285914524,116698088,4096,-0.0,0
1708583016, 286099166,116698096,4096,0.5026743560673598,0
1708583016, 286099166,116698104,4096,0.43134631714669924,0
1708583016, 286100239,116698112,4096,-0.0,0
1708583016, 286100239,116698120,4096,-0.0,0
1708583016, 286288102,116698128,4096,0.47832888556140213,0
1708583016, 286289175,116698136,4096,0.4438040719311569,0
1708583016, 286289175,116698144,4096,0.48928337682700596,0
1708583016, 286290249,116698152,4096,0.3549951141744839,0
1708583016, 286521051,116698160,4096,0.4669151887856958,0
1708583016, 286522125,116698168,4096,0.45372846715771226,0
1708583016, 286522125,116698176,4096,0.4444047270661824,0
1708583016, 286523198,116698184,4096,-0.0,0
1708583016, 286746486,116698192,4096,0.4857308701822405,0
1708583016, 286746486,116698200,4096,0.46810578303781303,0
1708583016, 286747560,116698208,4096,0.48785177036016913,0
1708583016, 286747560,116698216,4096,0.4014094074797259,0
1708583016, 286922540,116698224,4096,0.47243258685688466,0
1708583016, 286923614,116698232,4096,0.47848942658036125,0
1708583016, 286923614,116698240,4096,0.4707323804589904,0
1708583016, 286924687,116698248,4096,-0.0,0
1708583016, 287108256,116698256,4096,0.47058564031075373,0
1708583016, 287109329,116698264,4096,0.4418118587597877,0
1708583016, 287109329,116698272,4096,0.47115246850141523,0
1708583016, 287109329,116698280,4096,0.3019377823498342,0
1708583016, 287284310,116698288,4096,0.4833123072023582,0
1708583016, 287285383,116698296,4096,0.4979008839323685,0
1708583016, 287285383,116698304,4096,0.5221866696507498,0
1708583016, 287286457,116698312,4096,0.18946256510619974,0
1708583016, 287468952,116698320,4096,0.4849890072213614,0
1708583016, 287470025,116698328,4096,0.396347913927245,0
1708583016, 287470025,116698336,4096,-0.0,0
1708583016, 287471099,116698344,4096,-0.0,0
1708583016, 287750209,116698352,4096,0.48834569452138565,0
1708583016, 287751282,116698360,4096,0.41933842665209087,0
1708583016, 287751282,116698368,4096,-0.0,0
1708583016, 287752356,116698376,4096,-0.0,0
1708583016, 287991746,116698384,4096,0.47929569502006875,0
1708583016, 287992820,116698392,4096,0.4668720304042077,0
1708583016, 287993893,116698400,4096,-0.0,0
1708583016, 287993893,116698408,4096,-0.0,0
1708583016, 523764551,7407112,4096,0.428221331499834,0
1708583016, 523765625,7407120,4096,0.29521540064131524,0
1708583016, 523765625,7407128,4096,0.36922616259192986,0
1708583016, 523765625,7407136,4096,0.3902052167461342,0
1708583016, 523766698,7407144,4096,0.35743896499938693,0
1708583016, 525909404,38759936,4096,0.49043177965702106,0
1708583016, 525909404,38759944,4096,0.5308464935596735,0
1708583016, 525910478,38759952,4096,0.29015458565572616,0
1708583016, 565916602,7407272,4096,0.3990678232741516,0
1708583016, 565916602,7407280,4096,0.12800241684050226,0
1708583016, 623895264,7714712,4096,0.25110489330805363,0
1708583016, 624161492,7714800,4096,0.24795193212929229,0
1708583016, 624161492,7714808,4096,0.30978880644296514,0
1708583016, 624568348,7714824,4096,0.27645248130592776,0
1708583016, 624982719,7714976,4096,0.25779673863027297,0
1708583016, 625391723,7715040,4096,0.27591467683775384,0
1708583016, 625684788,7715072,4096,0.3008677155737422,0
1708583016, 625976780,7715088,4096,0.3350455482440511,0
1708583016, 626700319,21713584,1024,0.265628704822907,0
1708583016, 627550531,1819840,4096,0.12110232058721009,0
1708583016, 627551605,1819848,4096,-0.0,0
1708583016, 627551605,1819856,4096,-0.0,0
1708583016, 627552678,1819864,4096,-0.0,0
1708583016, 627553752,1819872,4096,0.4496102535679714,0
1708583016, 627554825,1819880,4096,0.42688576171154213,0
1708583016, 627556972,1819888,4096,0.45401307075984326,0
1708583016, 627561266,1819896,4096,0.4378599946818102,0
1708583016, 627562340,1819904,4096,0.44391587443631425,0
1708583016, 627570928,1819912,4096,0.4462973448869315,0
1708583016, 627577369,1819920,4096,0.42991165040824164,0
1708583016, 627578442,1819928,4096,0.4395349793994734,0
1708583016, 627579516,1819936,4096,0.4465523974552849,0
1708583016, 627580589,1819944,4096,0.4619746741150517,0
1708583016, 627581663,1819952,4096,0.4600030717342383,0
1708583016, 627582736,1819960,4096,0.46971310063938676,0
1708583016, 627583810,1819968,4096,0.43774564862265264,0
1708583016, 627584883,1819976,4096,0.4586702328903579,0
1708583016, 627585957,1819984,4096,0.45741543623621966,0
1708583016, 627587030,1819992,4096,0.4637152318339605,0
1708583016, 627588104,1820000,4096,0.4624426426092594,0
1708583016, 627589177,1820008,4096,0.4561476669269769,0
1708583016, 627589177,1820016,4096,0.4740604677185442,0
1708583016, 627590251,1820024,4096,0.4696988509318097,0
1708583016, 627591324,1820032,4096,0.4682679255557695,0
1708583016, 627592398,1820040,4096,0.4660949906373288,0
1708583016, 627593471,1820048,4096,0.47100894491177914,0
1708583016, 627594545,1820056,4096,0.47774051119301564,0
1708583016, 627595618,1820064,4096,0.4789719286343748,0
1708583016, 627596692,1820072,4096,0.46091078533687796,0
1708583016, 627597765,1820080,4096,0.4942728481878747,0
1708583016, 627599912,1820088,4096,0.45828219578917634,0
1708583016, 627651440,1820096,4096,0.49566894741375306,0
1708583016, 627652514,1820104,4096,0.4536150644614327,0
1708583016, 627653587,1820112,4096,0.5552449666284894,0
1708583016, 627654661,1820120,4096,0.4890926691282809,0
1708583016, 627655734,1820128,4096,0.48292164009081145,0
1708583016, 627656808,1820136,4096,0.49011068383322415,0
1708583016, 627657881,1820144,4096,0.4859970148421162,0
1708583016, 627658955,1820152,4096,0.4170494113981288,0
1708583016, 627660028,1820160,4096,0.4777772364330359,0
1708583016, 627661102,1820168,4096,0.5210392708899673,0
1708583016, 627662175,1820176,4096,-0.0,0
1708583016, 627664322,1820184,4096,-0.0,0
1708583016, 627665396,1820192,4096,0.47990247320797247,0
1708583016, 627666469,1820200,4096,0.3882347268118339,0
1708583016, 627668616,1820208,4096,-0.0,0
1708583016, 627668616,1820216,4096,-0.0,0
1708583016, 627670763,1820224,4096,0.47074694567868614,0
1708583016, 627671837,1820232,4096,0.5635353514456,0
1708583016, 627672910,1820240,4096,0.2220508517426571,0
1708583016, 627673984,1820248,4096,-0.0,0
1708583016, 627676131,1820256,4096,0.4875260385995178,0
1708583016, 627677204,1820264,4096,-0.0,0
1708583016, 627678278,1820272,4096,-0.0,0
1708583016, 627679351,1820280,4096,-0.0,0
1708583016, 627680425,1820288,4096,0.495645085890097,0
1708583016, 627681498,1820296,4096,0.49129928358312414,0
1708583016, 627682572,1820304,4096,0.07016960634256511,0
1708583016, 627683645,1820312,4096,-0.0,0
1708583016, 627684719,1820320,4096,0.5037128693729467,0
1708583016, 627685792,1820328,4096,0.49685369501787713,0
1708583016, 627686866,1820336,4096,-0.0,0
1708583016, 627687939,1820344,4096,-0.0,0
1708583016, 627734100,1820352,4096,0.42340006748628667,0
1708583016, 627734100,1820360,4096,-0.0,0
1708583016, 627736247,1820368,4096,-0.0,0
1708583016, 627736247,1820376,4096,-0.0,0
1708583016, 627737320,1820384,4096,0.5058732653188819,0
1708583016, 627738394,1820392,4096,0.04546297238314533,0
1708583016, 627739467,1820400,4096,-0.0,0
1708583016, 627740541,1820408,4096,-0.0,0
1708583016, 627741614,1820416,4096,0.4757996813547689,0
1708583016, 627742688,1820424,4096,-0.0,0
1708583016, 627743761,1820432,4096,-0.0,0
1708583016, 627744835,1820440,4096,-0.0,0
1708583016, 627745908,1820448,4096,0.5026743560673598,0
1708583016, 627746982,1820456,4096,0.43134631714669924,0
1708583016, 627748055,1820464,4096,-0.0,0
1708583016, 627749129,1820472,4096,-0.0,0
1708583016, 627750202,1820480,4096,0.47832888556140213,0
1708583016, 627751276,1820488,4096,0.4438040719311569,0
1708583016, 627752349,1820496,4096,0.48928337682700596,0
1708583016, 627753423,1820504,4096,0.3549951141744839,0
1708583016, 627755570,1820512,4096,0.4669151887856958,0
1708583016, 627756643,1820520,4096,0.45372846715771226,0
1708583016, 627757717,1820528,4096,0.4444047270661824,0
1708583016, 627757717,1820536,4096,-0.0,0
1708583016, 627759864,1820544,4096,0.4857308701822405,0
1708583016, 627760937,1820552,4096,0.46810578303781303,0
1708583016, 627762011,1820560,4096,0.48785177036016913,0
1708583016, 627763084,1820568,4096,0.4014094074797259,0
1708583016, 627764158,1820576,4096,0.47243258685688466,0
1708583016, 627765231,1820584,4096,0.47848942658036125,0
1708583016, 627766305,1820592,4096,0.4707323804589904,0
1708583016, 627767378,1820600,4096,-0.0,0
1708583016, 627814612,1820608,4096,0.47058564031075373,0
1708583016, 627815686,1820616,4096,0.4418118587597877,0
1708583016, 627816759,1820624,4096,0.47115246850141523,0
1708583016, 627817833,1820632,4096,0.3019377823498342,0
1708583016, 627818906,1820640,4096,0.4833123072023582,0
1708583016, 627819980,1820648,4096,0.4979008839323685,0
1708583016, 627821053,1820656,4096,0.5221866696507498,0
1708583016, 627821053,1820664,4096,0.18946256510619974,0
1708583016, 627822127,1820672,4096,0.4849890072213614,0
1708583016, 627824274,1820680,4096,0.396347913927245,0
1708583016, 627824274,1820688,4096,-0.0,0
1708583016, 627825347,1820696,4096,-0.0,0
1708583016, 627826421,1820704,4096,0.48834569452138565,0
1708583016, 627827494,1820712,4096,0.41933842665209087,0
1708583016, 627828568,1820720,4096,-0.0,0
1708583016, 627829641,1820728,4096,-0.0,0
1708583016, 627830715,1820736,4096,0.47929569502006875,0
1708583016, 627831788,1820744,4096,0.4668720304042077,0
1708583016, 627832862,1820752,4096,-0.0,0
1708583016, 627833935,1820760,4096,-0.0,0
1708583016, 671367581,7407152,4096,0.4014031592556476,0
1708583016, 671367581,7407160,4096,0.038770415914766265,0
1708583016, 671669234,1455040,4096,0.426244394985623,0
1708583016, 671670308,1455048,4096,0.4777084149090356,0
1708583016, 671670308,1455056,4096,0.4378877126084329,0
1708583016, 671671381,1455064,4096,0.4474328283764487,0
1708583016, 671671381,1455072,4096,0.38427333251706297,0
1708583016, 671671381,1455080,4096,0.4560155977671572,0
1708583016, 671672455,1455088,4096,0.4751143116285309,0
1708583016, 671673528,1455096,4096,0.4574583805629673,0
1708583016, 671673528,1455104,4096,0.4629180759362817,0
1708583016, 671674602,1455112,4096,0.4412504968071282,0
1708583016, 671674602,1455120,4096,0.4636873553793462,0
1708583016, 671675675,1455128,4096,0.46717267960305864,0
1708583016, 671675675,1455136,4096,0.11915978211163067,0
1708583016, 681516450,133215896,4096,0.03721353607232947,0
1708583016, 681761208,7407288,4096,0.42845332942561887,0
1708583016, 681761208,7407296,4096,0.43353024467746815,0
1708583016, 681762281,7407304,4096,0.1011330433254838,0
1708583016, 682026362,133215896,4096,0.1634298607201194,0
1708583016, 682276488,133215896,4096,0.19547782050871298,0
1708583016, 683854533,7407176,4096,0.4264697243662412,0
1708583016, 683854533,7407184,4096,0.16777828869938613,0
1708583016, 684101438,2190832,4096,0.23160946761674917,0
1708583017, 883817238,7407312,4096,0.42067145178267074,0
1708583017, 883817238,7407320,4096,0.08741704148681231,0
1708583017, 884739375,29782488,4096,0.007176406242375364,0
1708583017, 885097924,7407192,4096,0.1784307769351549,0
1708583017, 951066646,7715136,4096,0.25402552231315095,0
1708583017, 951408019,7715184,4096,0.2588426586536603,0
1708583017, 951770862,7715448,4096,0.2944448873403132,0
1708583017, 952157322,7715472,4096,0.27019244515755825,0
1708583017, 952525532,7715496,4096,0.32179632410760073,0
1708583017, 952861538,7715512,4096,0.3825545695723737,0
1708583017, 953199690,7715744,4096,0.27135157724894504,0
1708583017, 953518520,7715784,4096,0.3196369961947957,0
1708583017, 953519593,7715792,4096,0.2720498357615505,0
1708583017, 953961875,41771872,4096,0.5159810375630496,0
1708583017, 954248500,41771968,4096,0.5323906586496934,0
1708583017, 954249573,41771976,4096,0.5255770447609683,0
1708583017, 954689708,21713568,4096,0.48125895284207726,0
1708583017, 955225385,11145288,4096,0.4905941098686368,0
1708583017, 955226458,11145296,4096,0.47411755402589734,0
1708583017, 955228605,11145304,4096,0.5198888243091487,0
1708583017, 955228605,11145312,4096,0.5649143779117377,0
1708583017, 955229679,11145320,4096,0.5438299569715073,0
1708583017, 955229679,11145328,4096,0.5638845419056645,0
1708583017, 955230752,11145336,4096,0.5444139787232589,0
1708583017, 955231826,11145344,4096,0.5627947628252088,0
1708583017, 955232899,11145352,4096,0.543206146784874,0
1708583017, 955232899,11145360,4096,0.5437876526470526,0
1708583017, 955735297,22539504,4096,0.4854733146520712,0
1708583017, 955736371,22539512,4096,0.49959933715679467,0
1708583017, 955736371,22539520,4096,0.5030979094380156,0
1708583017, 955737444,22539528,4096,0.4994620089396795,0
1708583017, 955738518,22539536,4096,0.5014232413822463,0
1708583017, 955739591,22539544,4096,0.49870655361840405,0
1708583017, 955739591,22539552,4096,0.48897255738793655,0
1708583017, 955740665,22539560,4096,0.49228670568271626,0
1708583017, 955741738,22539568,4096,0.4863606591488569,0
1708583017, 955742812,22539576,4096,0.4824509274948701,0
1708583017, 955743885,22539584,4096,0.4836596228775866,0
1708583017, 955744959,22539592,4096,0.3679342694789483,0
1708583017, 956185094,1785192,4096,0.597859488546432,0
1708583017, 956186167,1785200,4096,0.6661311402065843,0
1708583019, 262607979,2014736,4096,0.5113149287177061,0
1708583019, 263427060,2014800,4096,0.523757263664841,0
1708583019, 263909061,29782496,4096,0.49212227014330395,0
1708583019, 263910135,29782504,4096,0.4914719239940941,0
1708583019, 263910135,29782512,4096,0.4865155954302943,0
1708583019, 263911208,29782520,4096,0.2803838476363022,0
1708583019, 749026932,20232936,4096,0.5645154761659684,0
1708583019, 749026932,20232944,4096,0.5456190934158852,0
1708583019, 749028005,20232952,4096,0.557640444847772,0
1708583019, 749029079,20232960,4096,0.517348824578266,0
1708583019, 749029079,20232968,4096,0.6388141877715551,0
1708583019, 749030152,20232976,4096,0.5411882894879871,0
1708583019, 749031226,20232984,4096,0.5449819435752776,0
1708583019, 749032299,20232992,4096,0.7510487828720087,0
1708583019, 749032299,20233000,4096,0.585374125342743,0
1708583019, 749033373,20233008,4096,0.5985084586022614,0
1708583019, 749034446,20233016,4096,0.5682309875790276,0
1708583019, 749034446,20233024,4096,0.5747805215484546,0
1708583019, 749035520,20233032,4096,0.6028508146277809,0
1708583019, 749036593,20233040,4096,0.6824994518833047,0
1708583019, 749036593,20233048,4096,0.6384931105708621,0
1708583019, 749037667,20233056,4096,0.6976418751881099,0
1708583019, 749038740,20233064,4096,0.6690246829485502,0
1708583019, 749039814,20233072,4096,0.6428769882100599,0
1708583019, 749039814,20233080,4096,0.4855211550238236,0
1708583019, 749040887,20233088,4096,-0.0,0
1708583019, 750059639,1343504,4096,0.5181491081605318,0
1708583019, 750549155,7407320,4096,0.2400722194880515,0
1708583019, 816030508,7415824,4096,0.4189349132333045,0
1708583019, 816030508,7415832,4096,0.2849832388290907,0
1708583019, 816030508,7415840,4096,0.3565677676704209,0
1708583019, 816031581,7415848,4096,0.4278972248785121,0
1708583019, 816031581,7415856,4096,0.2946144531718444,0
1708583019, 816031581,7415864,4096,0.3686784670126377,0
1708583019, 816032655,7415872,4096,0.3896017247863265,0
1708583019, 816032655,7415880,4096,0.3988400991306386,0
1708583019, 816032655,7415888,4096,0.40112315527445785,0
1708583019, 816033728,7415896,4096,0.42828418971467813,0
1708583019, 816033728,7415904,4096,0.43353304380257,0
1708583019, 816033728,7415912,4096,0.42633967735377587,0
1708583019, 816034802,7415920,4096,0.4205083860578512,0
1708583019, 816034802,7415928,4096,0.44456429098461225,0
1708583019, 816035875,7415936,4096,0.4897719170943157,0
1708583019, 816035875,7415944,4096,0.4088642682146964,0
1708583019, 816035875,7415952,4096,0.388496633393804,0
1708583019, 816035875,7415960,4096,0.2775194642448233,0
1708583019, 816615565,7407088,4096,0.06345005369672338,0
1708583019, 825799358,7407080,4096,0.020889289761174372,0
1708583020, 665966730,122028320,4096,0.7389463713846648,0
1708583020, 665966730,122028328,4096,0.7565706479742187,0
1708583020, 665966730,122028336,4096,0.7471152448231012,0
1708583020, 665967803,122028344,4096,0.7544598100209832,0
1708583020, 666286633,121924256,4096,0.24328978502404103,0
1708583020, 666287706,121924264,4096,-0.0,0
1708583020, 666287706,121924272,4096,-0.0,0
1708583020, 666288780,121924280,4096,-0.0,0
1708583020, 666645182,34173400,4096,0.9946022520623732,0
1708583020, 666645182,34173408,4096,0.9948375196556539,0
1708583020, 666645182,34173416,4096,0.9941263986962884,0
1708583020, 666646255,34173424,4096,0.9943443046606979,0
1708583020, 666646255,34173432,512,0.6912673179497553,0
1708583023, 361973214,13093616,4096,0.5245247878845976,0
1708583023, 363249605,13093696,4096,0.5196648686484875,0
1708583023, 363250679,13093704,4096,0.5637001096894088,0
1708583023, 731063984,7407216,4096,0.18328347987084936,0
1708583023, 731927078,17672936,4096,0.007176406242375364,0
1708583023, 732315685,7407088,4096,0.2669704867555623,0
1708583024, 815117674,1314192,4096,0.500617140745867,0
1708583024, 816212644,0,512,0.06040460082122459,0
1708583026,  76723008,17672944,4096,0.48308272130595725,0
1708583026,  76724081,17672952,4096,0.48845115577152093,0
1708583026,  76725155,17672960,4096,0.4924452675320531,0
1708583026,  76725155,17672968,4096,0.49235450907665107,0
1708583026,  76726228,17672976,4096,0.4811500410978817,0
1708583027, 463665796,3404032,4096,0.5149058131722416,0
1708583027, 464601888,3404080,4096,0.12529209120148113,0
1708583028, 848918896,1030654,512,0.35011912877612383,0
1708583028, 849041275,1031423,512,0.35011912877612383,0
1708583028, 849706845,122028352,4096,0.7605487499558347,0
1708583028, 849707918,122028360,4096,0.7800891141848882,0
1708583028, 849707918,122028368,4096,0.7792594768426913,0
1708583028, 849708992,122028376,4096,0.7607241729377923,0
1708583028, 849945162,121924256,4096,0.24540644157992197,0
1708583028, 849945162,121924264,4096,-0.0,0
1708583028, 849946235,121924272,4096,-0.0,0
1708583028, 849946235,121924280,4096,-0.0,0
1708583028, 850126583,34173432,4096,0.9948287905978426,0
1708583028, 850127657,34173440,4096,0.9937722231076588,0
1708583028, 850127657,34173448,4096,0.9946835578068878,0
1708583028, 850128730,34173456,4096,0.9941931672646408,0
1708583028, 850128730,34173464,512,0.8499660478478098,0
1708583028, 966540144,7407216,4096,0.2810654030294291,0
1708583028, 966541217,7407224,4096,0.36290405002648557,0
1708583028, 975636983,7716040,4096,0.4349411400305044,0
1708583028, 975838801,7407096,4096,0.40554635486672613,0
1708583029,  36682745,1024000,1024,0.43281273878890625,0
1708583029,  36909254,1030654,512,0.3491913690152335,0
1708583029,  36932871,1031423,512,0.3491913690152335,0
1708583029, 880636240,7415968,4096,0.28045966279364437,0
1708583029, 880636240,7415976,4096,0.4122566697133457,0
1708583029, 880637314,7415984,4096,0.4275560763666818,0
1708583029, 880637314,7415992,4096,0.43367681168830235,0
1708583029, 880637314,7416000,4096,0.4663678469803114,0
1708583029, 880638387,7416008,4096,0.45376618373369987,0
1708583029, 880638387,7416016,4096,0.4528601749232874,0
1708583029, 880638387,7416024,4096,0.48635367265810164,0
1708583029, 880638387,7416032,4096,0.44743574576340134,0
1708583029, 880639461,7416040,4096,0.38712922116271514,0
1708583029, 880639461,7416048,4096,0.3623651471881157,0
1708583029, 881405940,7407216,4096,0.03565343169654064,0
1708583029, 884353771,7407072,4096,0.020805217266601513,0
1708583030, 161914822,122028384,4096,0.7618943040551369,0
1708583030, 161915895,122028392,4096,0.7704575564933107,0
1708583030, 161915895,122028400,4096,0.755700888745869,0
1708583030, 161915895,122028408,4096,0.7715304967746288,0
1708583030, 161915895,122028416,4096,0.7600838780246777,0
1708583030, 161916969,122028424,4096,0.7796996933425095,0
1708583030, 161916969,122028432,4096,0.7697851180627,0
1708583030, 161916969,122028440,4096,0.7689810671729497,0
1708583030, 161918042,122028448,4096,0.7902236187215953,0
1708583030, 161918042,122028456,4096,0.7146544840075174,0
1708583030, 161919116,122028464,4096,0.6886545445141392,0
1708583030, 161919116,122028472,4096,0.7470843276612629,0
1708583030, 162362471,121924256,4096,0.2519743643854975,0
1708583030, 162363545,121924264,4096,-0.0,0
1708583030, 162363545,121924272,4096,-0.0,0
1708583030, 162364618,121924280,4096,-0.0,0
1708583030, 162744637,34173464,4096,0.9947267182455264,0
1708583030, 162744637,34173472,4096,0.9944546691804605,0
1708583030, 162745711,34173480,4096,0.9945801669681167,0
1708583030, 162745711,34173488,4096,0.994301137473981,0
1708583030, 162746784,34173496,4096,0.9946109626017642,0
1708583030, 162746784,34173504,4096,0.9939057457093098,0
1708583030, 162746784,34173512,4096,0.9942992771928999,0
1708583030, 162747858,34173520,4096,0.9940082999558952,0
1708583030, 162747858,34173528,4096,0.9942286664742277,0
1708583030, 162748931,34173536,4096,0.9937042790059354,0
1708583030, 162748931,34173544,1024,0.7274065079821459,0
1708583034,  84149336,122028480,4096,0.20117875038775587,0
1708583034,  84150409,122028488,4096,0.19572796563306288,0
1708583034,  84150409,122028496,4096,0.1837125192530495,0
1708583034,  84151483,122028504,4096,0.19536717370715243,0
1708583034,  84383359,121924256,4096,0.25428580015071656,0
1708583034,  84383359,121924264,4096,-0.0,0
1708583034,  84383359,121924272,4096,-0.0,0
1708583034,  84384432,121924280,4096,-0.0,0
1708583034,  84600206,40425728,4096,0.643843746806207,0
1708583034, 260518945,7407088,4096,0.23984073516219037,0
1708583034, 263647124,2331288,4096,0.2788540311981028,0
1708583034, 264284783,1314096,4096,0.429984982656509,0
1708583034, 264284783,1314104,4096,0.47940099177170953,0
1708583034, 264718477,1314120,4096,0.2604141051189035,0
1708583034, 265314269,1347656,4096,0.4330800461716043,0
1708583034, 266368446,122028512,4096,0.5087345675775915,0
1708583034, 266369520,122028520,4096,0.5708159420146353,0
1708583034, 266369520,122028528,4096,0.5125071230546262,0
1708583034, 266369520,122028536,4096,0.4004197095749278,0
1708583034, 266698011,121924256,4096,0.2564445622213158,0
1708583034, 266699084,121924264,4096,-0.0,0
1708583034, 266699084,121924272,4096,-0.0,0
1708583034, 266699084,121924280,4096,-0.0,0
1708583034, 267028649,1628328,4096,0.5694777754443523,0
1708583034, 267310979,1628440,4096,0.41719107441640013,0
1708583034, 267769364,17682616,4096,0.3505440247015766,0
1708583034, 268223454,1435392,4096,0.537725353967259,0
1708583034, 268682912,2492464,4096,0.36065442206168047,0
1708583034, 269140223,2493864,4096,0.1512380665259941,0
1708583034, 269530977,2492512,4096,0.39855502958694056,0
1708583034, 269917437,22789648,4096,0.3854575635737475,0
1708583034, 270308191,22793456,4096,0.14838584004680475,0
1708583034, 270679622,22540120,4096,0.29178270792639815,0
1708583034, 271191682,33848192,4096,0.16799222288207386,0
1708583034, 271554525,11668144,4096,0.3671833781284655,0
1708583034, 271919515,1350512,4096,0.5699933545177069,0
1708583034, 271920588,1350520,4096,0.29904699982912186,0
1708583034, 271920588,1350528,4096,0.4176135832241235,0
1708583034, 272305975,17781200,4096,0.1203832070087705,0
1708583034, 272669891,1521416,4096,0.13971649213243847,0
1708583034, 273035955,1340552,4096,0.275120138499237,0
1708583034, 273399871,12094096,4096,0.3190640007927029,0
1708583034, 273762714,22592928,4096,0.15682633283034117,0
1708583034, 274125557,1407248,4096,0.30024470108464235,0
1708583034, 274361727,1407264,4096,0.5266082116589016,0
1708583034, 274600044,1407280,4096,0.2726714678735439,0
1708583034, 274967181,22786680,4096,0.19828590038056793,0
1708583034, 275330024,3280536,4096,0.1268966203811876,0
1708583034, 275695014,3400984,4096,0.12644222528027355,0
1708583034, 276060004,31314744,4096,0.12816039611345958,0
1708583034, 276423921,30975056,4096,0.1286570745151574,0
1708583034, 276787837,17297184,4096,0.16508159448885978,0
1708583034, 277119549,30928624,4096,0.16547752350018072,0
1708583034, 277524258,30928632,4096,0.16730406965298225,0
1708583034, 278168358,122028544,4096,0.3469696664848455,0
1708583034, 278169432,122028552,4096,0.03424258217067797,0
1708583034, 278169432,122028560,4096,0.5613025795512886,0
1708583034, 278169432,122028568,4096,0.5372878060910461,0
1708583034, 278320795,121924256,4096,0.25864601601019166,0
1708583034, 278321869,121924264,4096,-0.0,0
1708583034, 278321869,121924272,4096,-0.0,0
1708583034, 278321869,121924280,4096,-0.0,0
1708583034, 278644992,3278272,4096,0.4818993862054764,0
1708583034, 279078686,118121672,4096,0.45874967026944335,0
1708583034, 279079760,118121680,4096,0.459091693936417,0
1708583034, 279080833,118121688,4096,0.44625451860089904,0
1708583034, 279081907,118121696,4096,0.46622650639015045,0
1708583034, 279082980,118121704,4096,0.4577006043808006,0
1708583034, 279084054,118121712,4096,0.44532706533717853,0
1708583034, 279085127,118121720,4096,0.43648627639070536,0
1708583034, 279086201,118121728,4096,0.445717772244838,0
1708583034, 279086201,118121736,4096,0.4596487250792332,0
1708583034, 279087274,118121744,4096,0.4521430904982787,0
1708583034, 279088348,118121752,4096,0.46259125241686055,0
1708583034, 279089421,118121760,4096,0.4732359679617456,0
1708583034, 279090495,118121768,4096,0.4544727733441408,0
1708583034, 279513454,118121664,4096,0.44986400000844984,0
1708583034, 279776461,1343016,4096,0.18060396697958656,0
1708583034, 280122128,34179768,4096,0.10806891379375426,0
1708583034, 280465648,21774240,4096,0.3042059429553036,0
1708583034, 280816683,1299424,4096,0.5247419701854719,0
1708583034, 280817756,1299432,4096,0.5140332978520373,0
1708583034, 280817756,1299440,4096,0.520957185726511,0
1708583034, 280817756,1299448,4096,0.4592863681703475,0
1708583034, 280818830,1299456,4096,0.5024426279751295,0
1708583034, 280818830,1299464,4096,0.10087236208863579,0
1708583034, 280819903,1299472,4096,0.3096818317503653,0
1708583034, 281188114,2232776,4096,0.12913221790975463,0
1708583034, 281583162,2233408,4096,0.1285855648714149,0
1708583034, 281904138,3333320,4096,0.16710162441805215,0
1708583034, 282220821,3333288,4096,0.1308374093643556,0
1708583034, 282652368,34932568,4096,0.16177060914972652,0
1708583034, 282931478,1357216,4096,0.5276882976500342,0
1708583034, 282931478,1357224,4096,0.5316577718980006,0
1708583034, 282932551,1357232,4096,0.5329721367641921,0
1708583034, 282932551,1357240,4096,0.4787511167330552,0
1708583034, 282933625,1357248,4096,0.521730990643213,0
1708583034, 282933625,1357256,4096,0.11009160891906744,0
1708583034, 282934698,1357264,4096,0.340614362618893,0
1708583034, 283385568,3333368,4096,0.163361479405043,0
1708583034, 283740897,3660464,4096,0.12483090820093935,0
1708583034, 284032889,40591832,4096,0.16148471328319886,0
1708583034, 284339910,40520720,4096,0.12432594284602318,0
1708583034, 284580374,40398784,4096,0.16160383517098703,0
1708583034, 284819764,1742232,4096,0.16052764627289648,0
1708583034, 285184754,1724816,4096,0.16145581186619576,0
1708583034, 285491775,3409976,4096,0.16643506336102046,0
1708583034, 285749415,1742344,4096,0.1259934459507556,0
1708583034, 285990953,1827800,4096,0.12627058626645477,0
1708583034, 286302268,1829856,4096,0.12701165739988227,0
1708583034, 286549173,33241104,4096,0.41399292064453597,0
1708583034, 286898060,13076824,4096,0.16357982020982087,0
1708583034, 287171803,29306456,4096,0.12717193702416776,0
1708583034, 287479897,29310608,4096,0.16161137668566639,0
1708583034, 287711773,32778752,4096,0.1266256416137456,0
1708583034, 288032750,32782456,4096,0.1267577703391106,0
1708583034, 288354800,33241096,4096,0.23340916706251122,0
1708583034, 288654306,32972568,4096,0.16292978449995385,0
1708583034, 288958107,33050912,4096,0.1630659552219456,0
1708583034, 289197497,2492488,4096,0.22576665818256964,0
1708583034, 289376772,21815936,4096,0.22256561281592047,0
1708583034, 289570002,3802088,4096,0.13116216128559693,0
1708583034, 289771820,1431424,4096,0.5547036682412709,0
1708583034, 289999402,3731952,4096,0.5020532092980727,0
1708583034, 290145398,1295448,4096,0.27363135015415524,0
1708583034, 290319305,2492416,4096,0.3758157211807799,0
1708583034, 290493212,3738920,4096,0.18340068077040095,0
1708583034, 290668192,3881736,4096,0.12327226549640351,0
1708583034, 290851761,21829392,4096,0.17193918764619864,0
1708583034, 291035329,1343152,4096,0.21204600439707952,0
1708583034, 291332689,23031352,4096,0.17126845960255563,0
1708583034, 291506596,22577064,4096,0.13335321775602732,0
1708583034, 291744913,22786712,4096,0.1601772454513428,0
1708583034, 291944584,7715840,4096,0.3222273223707924,0
1708583034, 292085212,7715856,4096,0.2874251955870027,0
1708583034, 292085212,7715864,4096,0.2851424383165872,0
1708583034, 292236576,7715888,4096,0.23722647955588053,0
1708583034, 292398674,7715928,4096,0.3783465323152172,0
1708583034, 292540376,7715944,4096,0.36687725516110875,0
1708583034, 292678858,7715960,4096,0.3298870070602337,0
1708583034, 292819486,7715992,4096,0.3186024506247909,0
1708583034, 292959041,7716040,4096,0.43938216014025333,0
1708583034, 293092155,7716056,4096,0.23565299691722613,0
1708583034, 293230637,7716288,4096,0.22780977927030124,0
1708583034, 293365898,7716304,4096,0.255074892083965,0
1708583034, 293519408,7716360,4096,0.3158721565472048,0
1708583034, 293763093,7716424,4096,0.3545557360488175,0
1708583034, 293763093,7716432,4096,0.3383126785570812,0
1708583034, 293764166,7716440,4096,0.28449135564520084,0
1708583034, 293916603,7716624,4096,0.3063654750553957,0
1708583034, 294155994,7716672,4096,0.32025712986709215,0
1708583034, 294155994,7716680,4096,0.26547645160268674,0
1708583034, 294406119,7716696,4096,0.2610985968618704,0
1708583034, 294589688,7716728,4096,0.3633595585657095,0
1708583034, 295020161,7716920,4096,0.254482387756857,0
1708583034, 295210171,7717008,4096,0.2729619625105196,0
1708583034, 295361534,7717072,4096,0.3864548441843909,0
1708583034, 295595557,7717136,4096,0.29274977141779995,0
1708583034, 295827433,7718200,4096,0.31082215657001405,0
1708583034, 296133381,7718328,4096,0.2427110422886334,0
1708583034, 296134454,7718336,4096,0.30178730483358424,0
1708583034, 296386727,7718752,4096,0.35546563738777714,0
1708583034, 296950314,122028576,4096,0.3176318572417913,0
1708583034, 296951388,122028584,4096,0.24659716955398867,0
1708583034, 296951388,122028592,4096,0.38866751410056416,0
1708583034, 296952461,122028600,4096,0.31806961379868215,0
1708583034, 390833257,121924256,4096,0.2609193124085901,0
1708583034, 390833257,121924264,4096,-0.0,0
1708583034, 390834330,121924272,4096,-0.0,0
1708583034, 390835404,121924280,4096,-0.0,0
1708583034, 577609375,7718824,4096,0.2464849145497112,0
1708583034, 585151786,7718872,4096,0.264538242181804,0
1708583034, 585521070,7718920,4096,0.3403956317595747,0
1708583034, 585834532,7719056,4096,0.29782163740086615,0
1708583034, 586192007,7719080,4096,0.2578402222194794,0
1708583034, 586192007,7719088,4096,0.28442410170047605,0
1708583034, 586193081,7719096,4096,0.22997894688758772,0
1708583034, 586193081,7719104,4096,0.19946723709695022,0
1708583034, 586193081,7719112,4096,0.24945102100312153,0
1708583034, 586194154,7719120,4096,0.27601104906529245,0
1708583034, 586628922,7719144,4096,0.34801788868165606,0
1708583034, 587283757,122028608,4096,0.24354440268711572,0
1708583034, 587283757,122028616,4096,0.32362192271870255,0
1708583034, 587284830,122028624,4096,0.27608243864254856,0
1708583034, 587284830,122028632,4096,0.2841909173226401,0
1708583034, 587505971,121924256,4096,0.2631291017096159,0
1708583034, 587505971,121924264,4096,-0.0,0
1708583034, 587507045,121924272,4096,-0.0,0
1708583034, 587507045,121924280,4096,-0.0,0
1708583034, 587680952,7719456,4096,0.24276206627594754,0
1708583034, 587985826,7720856,4096,0.31294476023101664,0
1708583034, 588266009,7720952,4096,0.3750489459223603,0
1708583034, 588445284,7729608,4096,0.28002880644496514,0
1708583034, 588675013,7737096,4096,0.3046749321347074,0
1708583034, 588984181,7737224,4096,0.314451310011255,0
1708583034, 589135544,7794928,4096,0.3771814927404949,0
1708583034, 589376008,7809248,4096,0.22056063749504873,0
1708583034, 589631501,50242016,4096,0.2694545780085868,0
1708583034, 687813811,50242096,4096,0.2542019099471141,0
1708583034, 688289372,77558368,4096,0.22197172614097624,0
1708583034, 691477667,7407216,4096,0.28963805902690914,0
1708583034, 691957521,114946920,4096,0.07416712793743521,0
1708583034, 693433584,7407088,4096,0.335480887823491,0
1708583034, 693900556,1347968,4096,0.023978475869869356,0
1708583034, 693900556,1347976,4096,-0.0,0
1708583034, 695074965,7407216,4096,0.366792940569422,0
1708583034, 695076039,7407224,4096,0.03346762612473593,0
1708583034, 695574143,1629048,4096,0.04075490285823221,0
1708583034, 695575216,1629056,4096,-0.0,0
1708583034, 695575216,1629064,4096,-0.0,0
1708583034, 695576290,1629072,4096,-0.0,0
1708583034, 696061512,1629080,4096,0.04075490285823221,0
1708583034, 696062585,1629088,4096,-0.0,0
1708583034, 696062585,1629096,4096,-0.0,0
1708583034, 696064732,1629104,4096,-0.0,0
1708583034, 696520970,7407096,4096,0.21257415809545616,0
1708583034, 696882739,40425736,4096,0.6615741960037955,0
1708583034, 712953034,7553096,4096,0.2560877648766637,0
1708583034, 713464020,7554416,4096,0.4906141375617675,0
1708583034, 729658841,7554568,4096,0.3693410163537501,0
1708583034, 729922922,7559720,4096,0.3420598194322196,0
1708583034, 730222429,7666408,4096,0.33218049230012625,0
1708583034, 730512274,7667752,4096,0.44406471728856234,0
1708583034, 730845059,7672760,4096,0.45852269277709246,0
1708583034, 731120948,7714192,4096,0.2737639412488879,0
1708583034, 731423675,7714240,4096,0.35821251024081097,0
1708583034, 731679168,7715080,4096,0.30755383188294405,0
1708583034, 732488587,122028640,4096,0.14904090705740775,0
1708583034, 732489661,122028648,4096,0.5683813187337057,0
1708583034, 732489661,122028656,4096,0.5636530705269815,0
1708583034, 732490734,122028664,4096,0.5612610865168812,0
1708583034, 732768771,121924256,4096,0.2654391805682373,0
1708583034, 732769844,121924264,4096,-0.0,0
1708583034, 732769844,121924272,4096,-0.0,0
1708583034, 732770918,121924280,4096,-0.0,0
1708583034, 732944825,38492384,4096,0.13860739361237648,0
1708583034, 733393548,7538608,4096,0.026380829733595238,0
1708583034, 733645820,7539144,4096,0.15528218817690925,0
1708583034, 733885211,7539200,4096,0.076845197269978,0
1708583034, 734122454,7539288,4096,0.1289836018479129,0
1708583034, 734360771,7539328,4096,0.22570766319690652,0
1708583034, 734600162,7540776,4096,0.04775083535006494,0
1708583034, 734838479,7541648,4096,0.05369077590637484,0
1708583034, 734839552,7541656,4096,0.07892962143672289,0
1708583034, 734840626,7541664,4096,0.047049396080231676,0
1708583034, 734841699,7541672,4096,0.11119264840742571,0
1708583034, 735110074,7541688,4096,0.12753939443553647,0
1708583034, 735348391,7542168,4096,0.02109201210642339,0
1708583034, 735584561,7542328,4096,0.06461720048473017,0
1708583034, 735820731,7542408,4096,0.05171187155123445,0
1708583034, 736062269,7538144,4096,0.1172906551122397,0
1708583034, 736063342,7538152,4096,0.11103539934523045,0
1708583034, 736063342,7538160,4096,0.1029126035727844,0
1708583034, 736064416,7538168,4096,0.14044484714075683,0
1708583034, 736347820,7538200,4096,0.09227562950547702,0
1708583034, 736582916,7538216,4096,0.09361795045076798,0
1708583034, 736954347,1342952,4096,0.5719741714476226,0
1708583034, 737194811,1372664,4096,0.3030243429811951,0
1708583034, 737561948,1345280,4096,0.21496692544871762,0
1708583034, 737931232,1308128,4096,4.1023312122561166E-4,0
1708583034, 737931232,1308136,4096,4.1023312122561166E-4,0
1708583034, 737932306,1308144,4096,0.21764794289360212,0
1708583034, 738319839,3160856,4096,0.503659757648376,0
1708583034, 738689123,2278392,4096,0.2563643480707933,0
1708583034, 739059481,1554304,4096,0.5501106230995151,0
1708583034, 739302092,1554320,4096,0.5539521444242596,0
1708583034, 739541482,1554376,4096,0.5135499931798286,0
1708583034, 739541482,1554384,4096,0.4483937752198261,0
1708583034, 739915060,22789528,4096,0.37134053903392544,0
1708583034, 740287565,1357440,4096,0.5481207890507739,0
1708583034, 741046529,122028672,4096,0.26660914999847085,0
1708583034, 741046529,122028680,4096,0.05936129967795129,0
1708583034, 741047603,122028688,4096,0.5847676580882057,0
1708583034, 741047603,122028696,4096,0.3895694625085274,0
1708583034, 741308463,121924256,4096,0.26734465754974235,0
1708583034, 741309537,121924264,4096,-0.0,0
1708583034, 741309537,121924272,4096,-0.0,0
1708583034, 741310610,121924280,4096,-0.0,0
1708583034, 741737863,39038592,4096,0.25906406250043235,0
1708583034, 880891374,7416056,4096,0.36657929167105424,0
1708583034, 880892448,7416064,4096,0.43551271378493733,0
1708583034, 880892448,7416072,4096,0.48203166339118547,0
1708583034, 880892448,7416080,4096,0.3574033235871877,0
1708583034, 880893521,7416088,4096,0.0777415601940222,0
1708583034, 881794188,7407216,4096,0.09200918492019187,0
1708583034, 890733222,7407080,4096,0.02060975195552773,0
1708583035, 646877749,122028704,4096,0.754432469649844,0
1708583035, 646878823,122028712,4096,0.7623783048882233,0
1708583035, 646878823,122028720,4096,0.7707139250227942,0
1708583035, 646878823,122028728,4096,0.7631999995741516,0
1708583035, 646878823,122028736,4096,0.766902408462017,0
1708583035, 646879896,122028744,4096,0.7853068057753506,0
1708583035, 646879896,122028752,4096,0.7810356496574663,0
1708583035, 646880970,122028760,4096,0.7649927144762739,0
1708583035, 647330766,121924256,4096,0.27130811366330954,0
1708583035, 647330766,121924264,4096,-0.0,0
1708583035, 647331840,121924272,4096,-0.0,0
1708583035, 647331840,121924280,4096,-0.0,0
1708583035, 647747284,34173544,4096,0.9948485149623773,0
1708583035, 647747284,34173552,4096,0.9949753306678805,0
1708583035, 647748358,34173560,4096,0.9940458968801139,0
1708583035, 647748358,34173568,4096,0.9941492618025364,0
1708583035, 647748358,34173576,4096,0.9939141381158493,0
1708583035, 647749431,34173584,4096,0.9942672874004742,0
1708583035, 647749431,34173592,4096,0.9938262964384984,0
1708583035, 647750505,34173600,4096,0.9939592437483764,0
1708583035, 647750505,34173608,4096,0.9937126024989208,0
1708583035, 647751578,34173616,1024,0.9001555143643039,0
1708583039, 895970470,7407088,4096,0.1043868659360006,0
1708583039, 895970470,7407096,4096,0.40166462681694914,0
1708583039, 895971543,7407104,4096,0.4033306963432671,0
1708583039, 895971543,7407112,4096,0.39921096918172994,0
1708583039, 895971543,7407120,4096,0.41195045932210833,0
1708583039, 895972617,7407128,4096,0.4077212524032573,0
1708583039, 895972617,7407136,4096,0.4063787551691747,0
1708583039, 895973690,7407144,4096,0.2081692324833787,0
1708583039, 913982726,7713664,4096,0.3621829794734181,0
1708583041,  13238250,22625824,4096,0.28510751612642143,0
1708583041,  14203326,7407272,4096,0.26232291495913973,0
1708583041,  16849504,22625824,4096,0.28493271329615044,0
1708583041,  17238111,7407144,4096,0.2963258275568702,0
1708583042, 711009854,7407272,4096,0.3418859206483172,0
1708583042, 712099457,12439104,4096,0.043617518282015766,0
1708583042, 712661971,12439112,4096,0.043617518282015766,0
1708583042, 714176679,7407144,4096,0.38415982860564263,0
1708583042, 714691959,21808824,4096,0.053359451873415835,0
1708583042, 715260914,21808832,4096,0.053359451873415835,0
1708583042, 715765459,7407272,4096,0.40413989468789696,0
1708583042, 715766533,7407280,4096,0.12441798535080861,0
1708583042, 727613679,12439104,4096,0.043488648087724874,0
1708583042, 728105342,12439112,4096,0.043488648087724874,0
1708583042, 728915834,7407152,4096,0.17511382655963006,0
1708583042, 729353822,21808824,4096,0.053359451873415835,0
1708583042, 729817574,21808832,4096,0.053359451873415835,0
1708583042, 730335001,7407280,4096,0.2792337423424286,0
1708583042, 730935088,114220168,4096,0.00953744637389431,0
1708583042, 731525513,21808840,4096,0.026143646718904578,0
1708583042, 731526586,21808848,4096,-0.0,0
1708583042, 732114864,21808840,4096,0.025375644557069442,0
1708583042, 732115938,21808848,4096,-0.0,0
1708583042, 732681672,21808840,4096,0.024817462975787297,0
1708583042, 732683819,21808848,4096,-0.0,0
1708583042, 733137910,12439104,4096,0.04168232513764351,0
1708583042, 733632793,12439112,4096,0.04168232513764351,0
1708583042, 734075075,7407152,4096,0.3291156983137226,0
1708583042, 734551709,7407280,4096,0.41800335723253246,0
1708583042, 734551709,7407288,4096,0.023149360289224333,0
1708583042, 744177784,114220176,4096,0.012099476866259493,0
1708583042, 744317339,114220184,4096,0.012099476866259493,0
1708583042, 745060201,7407160,4096,0.08602089190218194,0
1708583042, 745506777,21808824,4096,0.053034911740187825,0
1708583042, 746041380,21808832,4096,0.053034911740187825,0
1708583042, 746458971,7407288,4096,0.2034591074924534,0
1708583042, 746962443,7407160,4096,0.3084114453467835,0
1708583042, 910545593,7407288,4096,0.42796862298055566,0
1708583042, 910545593,7407296,4096,0.3337836219598312,0
1708583042, 910848320,1831552,4096,0.16114291814076342,0
1708583042, 910849394,1831560,4096,-0.0,0
1708583042, 910850467,1831568,4096,-0.0,0
1708583042, 910850467,1831576,4096,-0.0,0
1708583042, 910851541,1831584,4096,-0.0,0
1708583042, 910852614,1831592,4096,-0.0,0
1708583042, 910852614,1831600,4096,-0.0,0
1708583042, 910853688,1831608,4096,-0.0,0
1708583042, 914337195,7407168,4096,0.3450754059903863,0
1708583042, 943331357,7407296,4096,0.3839029411414827,0
1708583042, 943332430,7407304,4096,0.13329188001096437,0
1708583044, 956689418,7416096,4096,0.10371741192327309,0
1708583044, 956689418,7416104,4096,0.40123270274682205,0
1708583044, 956689418,7416112,4096,0.40304447895530854,0
1708583044, 956690491,7416120,4096,0.3988688023418701,0
1708583044, 956690491,7416128,4096,0.4115524490350073,0
1708583044, 956691565,7416136,4096,0.40742897717607746,0
1708583044, 956691565,7416144,4096,0.40611035795050016,0
1708583044, 956692638,7416152,4096,0.40365307418144736,0
1708583044, 956692638,7416160,4096,0.4180103814274172,0
1708583044, 956693712,7416168,4096,0.4275956601638787,0
1708583044, 956693712,7416176,4096,0.3836911289302596,0
1708583044, 956694785,7416184,4096,0.4099351105045004,0
1708583044, 956694785,7416192,4096,0.41060563462810995,0
1708583044, 956694785,7416200,4096,0.41149830852277225,0
1708583044, 956695859,7416208,4096,0.4752347291494715,0
1708583044, 956695859,7416216,4096,0.4696396221548688,0
1708583044, 957078025,7407088,4096,0.2448450365095589,0
1708583044, 969309484,7407072,4096,0.02081634177760616,0
1708583044, 969810808,0,512,0.03651498970736824,0
1708583049, 987874234,7407216,4096,0.4218194399782297,0
1708583049, 987874234,7407224,4096,0.25058236325081035,0
1708583050,  14397310,7407096,4096,0.26506091450636343,0
1708583050,  14690375,7539336,4096,0.37425717525310975,0
1708583050,  22930561,0,512,0.012738803207838469,0
1708583050,  73250762,128920312,4096,0.5280675554354183,0
1708583050,  73250762,128920320,4096,0.6100459480816923,0
1708583050,  73251836,128920328,4096,0.5277559294490631,0
1708583050,  73252909,128920336,4096,0.6327470182225093,0
1708583050,  73253983,128920344,4096,0.5563959942965921,0
1708583050,  73255056,128920352,4096,0.5570088661929614,0
1708583050,  73256130,128920360,4096,0.5787167140760567,0
1708583050,  73257203,128920368,4096,0.5639350354735688,0
1708583050,  73257203,128920376,4096,0.527917610888046,0
1708583050,  73258277,128920384,4096,0.4881159103285918,0
1708583050,  73259350,128920392,4096,0.5628965193343153,0
1708583050,  73262571,128920400,4096,0.565208846110866,0
1708583050,  73263644,128920408,4096,0.48657863906777626,0
1708583050,  73264718,128920416,4096,0.5907243631984725,0
1708583050,  73265791,128920424,4096,0.5855531790045899,0
1708583050,  73265791,128920432,4096,0.5772148667946784,0
1708583050,  73267938,128920440,4096,0.6645284634231778,0
1708583050,  73269012,128920448,4096,0.6492431484120174,0
1708583050,  73270085,128920456,4096,0.5840027846190828,0
1708583050,  73272232,128920464,4096,0.5509986886261994,0
1708583050,  73273306,128920472,4096,0.5464309864780774,0
1708583050,  73273306,128920480,4096,0.6891828480122637,0
1708583050,  73275453,128920488,4096,0.7808984061494018,0
1708583050,  73276526,128920496,4096,0.6345549809412611,0
1708583050,  73277600,128920504,4096,0.5606486947182369,0
1708583050,  73277600,128920512,4096,0.5500009981130578,0
1708583050,  73279747,128920520,4096,0.557628858646441,0
1708583050,  73280820,128920528,4096,0.5964077950572761,0
1708583050,  73281894,128920536,4096,0.6479319342591632,0
1708583050,  73282967,128920544,4096,0.6108174804974356,0
1708583050,  73284041,128920552,4096,0.5431340537818325,0
1708583050,  73286188,128920560,4096,0.03807157945117209,0
1708583050, 645021664,7596848,4096,0.39998617473650877,0
1708583050, 645985667,7597616,4096,0.3651927992947486,0
1708583050, 646365686,7607928,4096,0.3666864792949782,0
1708583050, 646756440,7627864,4096,0.36287224845621424,0
1708583050, 647140753,7666424,4096,0.33600171424754616,0
1708583050, 647532581,7667752,4096,0.43666783966881706,0
1708583050, 647873954,7671608,4096,0.28543137518029216,0
1708583050, 648194930,7672760,4096,0.45780790412017824,0
1708583050, 648494437,7673656,4096,0.36511048084942155,0
1708583050, 648817560,7713664,4096,0.3619438680548506,0
1708583050, 649120287,7714856,4096,0.19676152428517277,0
1708583050, 649120287,7714864,4096,0.28496433732212273,0
1708583050, 649449852,7716056,4096,0.2227718246809555,0
1708583050, 649739697,7716344,4096,0.3380509700034986,0
1708583050, 649857782,7717136,4096,0.29264024473910333,0
1708583050, 650064967,7718480,4096,0.19446872815029384,0
1708583050, 650221698,7718776,4096,0.2727995287681454,0
1708583050, 650329048,7719064,4096,0.26830598700029495,0
1708583050, 650485779,7720952,4096,0.3743057101958769,0
1708583050, 650698332,50210136,4096,0.21998689835245902,0
1708583050, 650891562,50274560,4096,0.3110540702422825,0
1708583050, 650991398,50274704,4096,0.1984794065341513,0
1708583050, 651280169,7538144,4096,0.11741193710842614,0
1708583050, 651380005,7538160,4096,0.10279423345670077,0
1708583050, 651381078,7538168,4096,0.14071050703467727,0
1708583050, 651503457,7538216,4096,0.09436024546112934,0
1708583050, 651722451,7538720,4096,0.20769748389061285,0
1708583050, 651883476,7539144,4096,0.15496087659282928,0
1708583050, 652036987,7541712,4096,0.07073920430939995,0
1708583050, 652142190,7542384,4096,0.025730809969163992,0
1708583050, 652426667,118121768,4096,0.47582902829422447,0
1708583050, 652427741,118121776,4096,0.4664814793454474,0
1708583050, 652428814,118121784,512,0.30172094031536606,0
1708583050, 652656396,23017560,4096,0.19682757181840024,0
1708583050, 652977373,1726896,4096,0.5443220964305066,0
1708583050, 652977373,1726904,4096,0.5626000936151344,0
1708583050, 652978446,1726912,4096,0.5488102333322737,0
1708583050, 653214616,1726944,4096,0.5394601603956845,0
1708583050, 653411067,1726968,4096,0.5597539853091833,0
1708583050, 653411067,1726976,4096,0.5371643558972513,0
1708583050, 653602150,1727000,4096,0.4329751589929186,0
1708583050, 653785718,1727040,4096,0.549822183698039,0
1708583050, 653890921,1727120,4096,0.3539040313960024,0
1708583050, 654097033,1727208,4096,0.30014441120093655,0
1708583050, 654420157,1315328,4096,0.9553394191128138,0
1708583050, 654421230,1315336,4096,0.9109490886864705,0
1708583050, 654421230,1315344,4096,0.9545495492815452,0
1708583050, 654422304,1315352,1536,0.7633861915450669,0
1708583050, 654803396,20305016,4096,0.968817417347363,0
1708583050, 654803396,20305024,4096,0.9274616843169265,0
1708583050, 654805543,20305032,4096,0.9596980411201556,0
1708583050, 654805543,20305040,4096,0.9612573764161447,0
1708583050, 654806617,20305048,3584,0.9795815098917041,0
1708583050, 655172680,118306984,4096,0.9588381188456252,0
1708583050, 655173754,118306992,4096,0.968972269995197,0
1708583050, 655173754,118307000,512,0.29864775674690525,0
1708583050, 655464672,1348768,4096,0.9628537395255953,0
1708583050, 655464672,1348776,4096,0.9336861613589131,0
1708583050, 655465746,1348784,4096,0.9760574661977175,0
1708583050, 655466819,1348792,1024,0.9473663335950978,0
1708583050, 661476272,122028768,4096,0.9348359321981673,0
1708583050, 661477346,122028776,4096,0.9954302551734071,0
1708583050, 661477346,122028784,4096,0.9940896639486752,0
1708583050, 661477346,122028792,4096,0.9949716703202719,0
1708583050, 661649106,121924256,4096,0.2738368204242671,0
1708583050, 661649106,121924264,4096,-0.0,0
1708583050, 661650179,121924272,4096,-0.0,0
1708583050, 661651253,121924280,4096,-0.0,0
1708583050, 661867026,140422216,4096,0.9641698943109802,0
1708583050, 661867026,140422224,4096,0.9432005135568089,0
1708583050, 661868100,140422232,4096,0.9588814261290663,0
1708583050, 662633505,122028800,4096,0.43504632791691183,0
1708583050, 662633505,122028808,4096,0.9951071050310892,0
1708583050, 662634579,122028816,4096,0.9945655570349748,0
1708583050, 662635652,122028824,4096,0.9944009705831984,0
1708583050, 662817074,121924256,4096,0.2760219622979116,0
1708583050, 662817074,121924264,4096,-0.0,0
1708583050, 662817074,121924272,4096,-0.0,0
1708583050, 662818147,121924280,4096,-0.0,0
1708583050, 663228224,140454536,4096,0.9561677233115559,0
1708583050, 663229298,140454544,4096,0.9742447264109662,0
1708583050, 663230371,140454552,512,0.44658714965970475,0
1708583050, 663676947,1343488,4096,0.5137490448926757,0
1708583050, 664002218,1347656,4096,0.4333270949378087,0
1708583050, 668744941,122028832,4096,0.7871453788332363,0
1708583050, 668746014,122028840,4096,0.7620169598810499,0
1708583050, 668746014,122028848,4096,0.7695132504266262,0
1708583050, 668746014,122028856,4096,0.7867460119932679,0
1708583050, 668747088,122028864,4096,0.7905629033467365,0
1708583050, 668747088,122028872,4096,0.7882243164881017,0
1708583050, 668748161,122028880,4096,0.7917241004692055,0
1708583050, 668748161,122028888,4096,0.7799432464172557,0
1708583050, 668748161,122028896,4096,0.7673747299408973,0
1708583050, 668749235,122028904,4096,0.7711487715898124,0
1708583050, 668749235,122028912,4096,0.7798317703498697,0
1708583050, 668750308,122028920,4096,0.7725168673332447,0
1708583050, 668750308,122028928,4096,0.7655113474540224,0
1708583050, 668750308,122028936,4096,0.7651466217785092,0
1708583050, 668751382,122028944,4096,0.7745334067236616,0
1708583050, 668751382,122028952,4096,0.7617949879503297,0
1708583050, 669111004,121924256,4096,0.2840934108451983,0
1708583050, 669111004,121924264,4096,-0.0,0
1708583050, 669112078,121924272,4096,-0.0,0
1708583050, 669112078,121924280,4096,-0.0,0
1708583050, 669497464,34173616,4096,0.9938420628352929,0
1708583050, 669497464,34173624,4096,0.9937217546021285,0
1708583050, 669498538,34173632,4096,0.9938057910687743,0
1708583050, 669498538,34173640,4096,0.9937932177666607,0
1708583050, 669498538,34173648,4096,0.9939274968395613,0
1708583050, 669499611,34173656,4096,0.9934337188220592,0
1708583050, 669499611,34173664,4096,0.9938558341467513,0
1708583050, 669500685,34173672,4096,0.9937403615574764,0
1708583050, 669500685,34173680,4096,0.9938929017982262,0
1708583050, 669500685,34173688,4096,0.9939885522850076,0
1708583050, 669501758,34173696,4096,0.9939347959776409,0
1708583050, 669501758,34173704,4096,0.9935457490210076,0
1708583050, 669502832,34173712,4096,0.9943945344796419,0
1708583050, 669502832,34173720,4096,0.994370313726592,0
1708583050, 669503905,34173728,1536,0.8614902048473996,0
1708583050, 670114727,1308136,4096,-0.0,0
1708583050, 670115800,1308144,4096,0.21764794289360212,0
1708583050, 670364852,1296544,4096,0.43298868657786654,0
1708583050, 670466835,1296560,4096,0.5515872525401531,0
1708583050, 670758827,11667488,4096,0.21114923976663827,0
1708583050, 671848429,1356960,4096,0.9676691314031531,0
1708583050, 671849503,1356968,4096,0.9390766685231041,0
1708583050, 671850576,1356976,4096,0.9309518994914602,0
1708583050, 671850576,1356984,4096,0.9705179808392647,0
1708583050, 672553719,2220176,4096,0.9571509226963678,0
1708583050, 672554792,2220184,2048,0.9430296540256493,0
1708583050, 673403931,2234840,4096,0.5348124369245886,0
1708583052,  28907125,2234720,4096,0.5479149558936134,0
1708583053, 340538632,7407224,4096,0.37589353989095814,0
1708583053, 340539706,7407232,4096,0.3806519483170904,0
1708583053, 340539706,7407240,4096,0.3918820327418987,0
1708583053, 340540779,7407248,4096,0.4054696526651611,0
1708583053, 340540779,7407256,4096,0.17186260697589636,0
1708583053, 341541281,2295104,4096,0.9615698387845639,0
1708583053, 341542355,2295112,512,0.8461952958420436,0
1708583053, 342113457,2317552,4096,0.9556796784578192,0
1708583053, 342113457,2317560,2560,0.9013637819543082,0
1708583053, 342552518,2190840,3072,0.9462673131561808,0
1708583054, 726916760,7407128,4096,0.40177097840272574,0
1708583054, 726916760,7407136,4096,0.41848161944091206,0
1708583054, 726916760,7407144,4096,0.2653425147293796,0
1708583054, 727795956,40397832,4096,0.951602745661727,0
1708583054, 727797030,40397840,4096,0.9435153135921232,0
1708583054, 727797030,40397848,3584,0.8975722162939885,0
1708583054, 728447571,3339936,4096,0.9526533936538225,0
1708583054, 728448644,3339944,1536,0.9033044893534895,0
1708583055, 643117990,7416224,4096,0.42112426893592037,0
1708583055, 643117990,7416232,4096,0.3751005538412796,0
1708583055, 643119063,7416240,4096,0.37975567701316704,0
1708583055, 643119063,7416248,4096,0.3910400247085095,0
1708583055, 643120137,7416256,4096,0.4048049667549961,0
1708583055, 643120137,7416264,4096,0.4010567294928704,0
1708583055, 643121210,7416272,4096,0.417737860023947,0
1708583055, 643121210,7416280,4096,0.41157640531964884,0
1708583055, 643121210,7416288,4096,0.4812338876536138,0
1708583055, 643122284,7416296,4096,0.4518021109981373,0
1708583055, 644068037,7407216,4096,0.11028251717139709,0
1708583055, 653189567,7407080,4096,0.0208543395955333,0
1708583059,  61399964,22559480,4096,0.15767494197165632,0
1708583059,  62558271,7407088,4096,0.17247979882106004,0
1708583060, 641898135,7671608,4096,0.28625941121230186,0
1708583060, 642993105,0,512,0.010192426542905211,0
1708583065, 641395378,7416304,4096,0.34665712055502595,0
1708583065, 641395378,7416312,4096,0.4841425381404786,0
1708583065, 641396451,7416320,4096,0.437509142414291,0
1708583065, 642399100,7407216,4096,0.06660375895499827,0
1708583065, 645152628,7407072,4096,0.02093841209010616,0
1708583067,  26872839,7596848,4096,0.40075372678692933,0
1708583067,  27923795,7597616,4096,0.36578994638331197,0
1708583067,  28311329,7665816,4096,0.35633425260696094,0
1708583067,  28729994,7672760,4096,0.4579427667872816,0
1708583067,  28994075,7673656,4096,0.3661153388364092,0
1708583067,  29310757,7713664,4096,0.3618692722264464,0
1708583067,  29627440,7715792,4096,0.27256604250501143,0
1708583067,  29930167,7716056,4096,0.22994958736547966,0
1708583067,  30237188,7719096,4096,0.23067121795446696,0
1708583067,  30554944,7720952,4096,0.3749237819310604,0
1708583067,  30845862,7931432,4096,0.2150243618394885,0
1708583067,  31132487,7931504,4096,0.27183186203462684,0
1708583067,  31319276,50210136,4096,0.2206740228372853,0
1708583067,  31477080,50274560,4096,0.3116279545645166,0
1708583067,  31586577,50274704,4096,0.1996023818566921,0
1708583067,  31866761,7538144,4096,0.11802336127278235,0
1708583067,  32083608,7538160,4096,0.10302942530082093,0
1708583067,  32084681,7538168,4096,0.14028553614707817,0
1708583067,  32085755,7538176,4096,0.04515752259276711,0
1708583067,  32269323,7538200,4096,0.09199538489434417,0
1708583067,  32484023,7539000,4096,0.1965279549499865,0
1708583067,  32604255,7539336,4096,0.3742944933033699,0
1708583067,  32868336,118121784,2048,0.45444573251463866,0
1708583067,  33074448,1726872,4096,0.5305229976982594,0
1708583067,  33290222,1726944,4096,0.5386998564718064,0
1708583067,  33424409,1726968,4096,0.5594793028413656,0
1708583067,  33425483,1726976,4096,0.5363724348038784,0
1708583067,  33592949,1727120,4096,0.35320915283472126,0
1708583067,  33689564,1727152,4096,0.38542241795150045,0
1708583067,  33906411,1308144,4096,0.21743983346892246,0
1708583067,  34237049,22577240,4096,0.1764608394388989,0
1708583068, 338279985,1794664,4096,0.5143418105458434,0
1708583068, 339248282,1794696,4096,0.5175428353429659,0
1708583068, 339790399,41771872,4096,0.5158222269071565,0
1708583068, 340173639,41771976,4096,0.5180937530256999,0
1708583068, 340174712,41771984,4096,0.5030740644100493,0
1708583068, 340175786,41771992,4096,0.5071826202320012,0
1708583068, 340738300,1492448,4096,0.5251523195648301,0
1708583068, 341036733,1492552,4096,0.5461859883525934,0
1708583068, 341037806,1492560,4096,0.5472412834403851,0
1708583070, 656196437,7416328,4096,0.3587189670338668,0
1708583070, 656196437,7416336,4096,0.48502495659119993,0
1708583070, 657132529,7407088,4096,0.23578509193672317,0
1708583070, 662677156,7407080,4096,0.020900414272179018,0
1708583073, 680097055,128920568,4096,0.5269705602454992,0
1708583073, 680098128,128920576,4096,0.5812103693292837,0
1708583073, 680099202,128920584,4096,0.7819619532496997,0
1708583073, 680099202,128920592,4096,0.6309667186262463,0
1708583073, 680100275,128920600,4096,0.553850777488016,0
1708583073, 680101349,128920608,4096,0.5540943820658287,0
1708583073, 680102422,128920616,4096,0.01661756104684257,0
1708583073, 681227450,7407216,4096,0.2523939294070135,0
1708583073, 690300672,7407088,4096,0.4217406785168272,0
1708583073, 690300672,7407096,4096,0.22343023617070035,0
1708583073, 690621649,1310080,4096,0.4630040952218611,0
1708583073, 691141223,122028960,4096,0.9309803294599982,0
1708583073, 691142296,122028968,4096,0.9286183121503216,0
1708583073, 691143370,122028976,4096,0.14826923369597822,0
1708583073, 691143370,122028984,4096,0.32708937111395864,0
1708583073, 691476155,121924256,4096,0.2865129211655837,0
1708583073, 691476155,121924264,4096,-0.0,0
1708583073, 691477228,121924272,4096,-0.0,0
1708583073, 691478302,121924280,4096,-0.0,0
1708583073, 691808940,140456608,4096,0.09170421872256347,0
1708583073, 692117034,7407224,4096,0.29421839435796326,0
1708583073, 789586540,21713584,2560,0.426854849747999,0
1708583073, 790419576,7407096,4096,0.38529416716156906,0
1708583073, 790419576,7407104,4096,0.38785738507042583,0
1708583073, 790419576,7407112,4096,0.026464296557005156,0
1708583073, 790855417,116961488,4096,0.4581877512701441,0
1708583073, 790855417,116961496,4096,0.4311645518070095,0
1708583073, 790856491,116961504,4096,0.45758706830648005,0
1708583073, 790857564,116961512,4096,0.4512997987613652,0
1708583073, 790857564,116961520,4096,0.435925323988008,0
1708583073, 790858638,116961528,4096,0.45785055024406734,0
1708583073, 790859711,116961536,4096,0.4592169340982948,0
1708583073, 790859711,116961544,4096,0.4620497364535289,0
1708583073, 790860785,116961552,4096,0.45796199487537576,0
1708583073, 790861858,116961560,4096,0.45964342719625295,0
1708583073, 790861858,116961568,4096,0.45818981369611717,0
1708583073, 790862932,116961576,4096,0.45386372678854875,0
1708583073, 790864005,116961584,4096,0.45914842175982934,0
1708583073, 790865079,116961592,4096,0.44798556753837104,0
1708583073, 790866152,116961600,4096,0.4178083208897886,0
1708583073, 790866152,116961608,4096,0.41545004942762986,0
1708583073, 790868299,116961616,4096,0.432852571152788,0
1708583073, 790868299,116961624,4096,0.4223077205148815,0
1708583073, 790869373,116961632,4096,0.4176390798566635,0
1708583073, 790869373,116961640,4096,0.4149764499926874,0
1708583073, 790870446,116961648,4096,0.4071994853656346,0
1708583073, 790871520,116961656,4096,0.41049053831203236,0
1708583073, 790872593,116961664,4096,0.4116026325894077,0
1708583073, 790873667,116961672,4096,0.40414944655064733,0
1708583073, 790873667,116961680,4096,0.4168823674168473,0
1708583073, 790874740,116961688,4096,0.4539548018430663,0
1708583073, 790875814,116961696,4096,0.41620691362451895,0
1708583073, 790876887,116961704,4096,0.4268968733451107,0
1708583073, 790877961,116961712,4096,0.420947255072916,0
1708583073, 790877961,116961720,4096,0.44355362306878987,0
1708583073, 790879034,116961728,4096,0.4300434965726775,0
1708583073, 790880108,116961736,4096,0.4106180294472738,0
1708583073, 790925195,116961744,4096,0.43113042449063477,0
1708583073, 790925195,116961752,3584,0.42044275158185873,0
1708583075, 101505746,21713568,4096,0.48203714950386567,0
1708583076, 504007843,13093616,4096,0.5246281190727056,0
1708583076, 504960038,13093704,4096,0.5689024735814461,0
1708583077, 419697014,7407240,4096,0.1417515697850633,0
1708583077, 420443096,21679736,4096,0.007176406242375364,0
1708583077, 420992728,7407112,4096,0.22909997864561424,0
1708583077, 889697857,21679744,4096,0.4941375518189403,0
1708583077, 889698931,21679752,4096,0.5162994459480152,0
1708583077, 889698931,21679760,4096,0.528210133810975,0
1708583077, 889700004,21679768,4096,0.5054346050084721,0
1708583077, 889701078,21679776,4096,0.5297280281720432,0
1708583077, 889701078,21679784,4096,0.5117089125089778,0
1708583077, 889702151,21679792,4096,0.49337327874117237,0
1708583077, 889702151,21679800,4096,0.4820242535697477,0
1708583077, 889703225,21679808,4096,0.5000678679081147,0
1708583077, 889704298,21679816,4096,0.49916176528499406,0
1708583077, 889705372,21679824,4096,0.493731700069996,0
1708583077, 889705372,21679832,4096,0.49645479646967017,0
1708583077, 889706445,21679840,4096,0.5035949101761483,0
1708583077, 889707519,21679848,4096,0.4921041481877525,0
1708583077, 889707519,21679856,4096,0.4805387259180934,0
1708583077, 889709666,21679864,4096,0.2039404354462952,0
1708583079, 235423725,7416344,4096,0.4213380678821577,0
1708583079, 235423725,7416352,4096,0.38494577430505156,0
1708583079, 235424798,7416360,4096,0.3874486111710256,0
1708583079, 235424798,7416368,4096,0.45841765050205374,0
1708583079, 235424798,7416376,4096,0.48395444896223194,0
1708583079, 236415639,7407216,4096,0.3422126954924662,0
1708583079, 253073138,7407072,4096,0.020900414272179018,0
1708583083, 319567803,7627864,4096,0.3625252295673651,0
1708583083, 320543614,7713664,4096,0.3616110157170113,0
1708583083, 320947250,7714184,4096,0.2851778449014212,0
1708583083, 320948324,7714192,4096,0.2742964894445056,0
1708583083, 321338004,7714240,4096,0.357812252388024,0
1708583083, 321727685,7714712,4096,0.250732559400498,0
1708583083, 322054029,7716440,4096,0.28462773502963484,0
1708583083, 322499531,118121784,3072,0.4275776470587106,0
1708583083, 322960063,17707712,4096,0.12403311471237004,0
1708583083, 323393757,7541656,4096,0.0798742603482574,0
1708583083, 323685749,7541672,4096,0.11064254519737152,0
1708583083, 323976667,7542384,4096,0.025730809969163992,0
1708583083, 324260071,7538144,4096,0.11778099710602036,0
1708583083, 324513417,1554424,4096,0.4054877594589349,0
1708583083, 324730264,1554320,4096,0.5541725207915871,0
1708583083, 325413010,122028992,4096,0.765175806770191,0
1708583083, 325414084,122029000,4096,0.7565280525517319,0
1708583083, 325414084,122029008,4096,0.7745807783940593,0
1708583083, 325414084,122029016,4096,0.7625053859957178,0
1708583083, 325586917,121924256,4096,0.2886188030232178,0
1708583083, 325587991,121924264,4096,-0.0,0
1708583083, 325587991,121924272,4096,-0.0,0
1708583083, 325589064,121924280,4096,-0.0,0
1708583083, 325772633,34173728,4096,0.994331087439931,0
1708583083, 325772633,34173736,4096,0.9950509469218578,0
1708583083, 325773706,34173744,4096,0.9941289924920548,0
1708583083, 325774780,34173752,4096,0.9934928898830088,0
1708583083, 325774780,34173760,4096,0.9944524598809708,0
1708583083, 325775853,34173768,4096,0.993491525031559,0
1708583083, 325775853,34173776,4096,0.9935926178098642,0
1708583083, 325776927,34173784,1536,0.9362190280401945,0
1708583084, 252703495,7416384,4096,0.36877326918563186,0
1708583084, 252703495,7416392,4096,0.47391885947092327,0
1708583084, 252704569,7416400,4096,0.4793317430057932,0
1708583084, 253678233,7407088,4096,0.12762647765964386,0
1708583084, 262084812,7407080,4096,0.02081634177760616,0
1708583084, 262577548,0,512,0.010192426542905211,0
1708583089, 253576965,7672760,4096,0.45785952632418336,0
1708583090, 285515451,7407216,4096,0.19841048511550674,0
1708583090, 286615788,3986680,4096,0.008080546319218226,0
1708583090, 287032306,7407088,4096,0.2834932640755147,0
1708583092, 939141117,20233096,4096,0.5648108565601814,0
1708583092, 939141117,20233104,4096,0.5870697655770318,0
1708583092, 939142190,20233112,4096,0.5335148152350382,0
1708583092, 939143264,20233120,4096,0.6249557583981512,0
1708583092, 939143264,20233128,4096,0.5938344031801593,0
1708583092, 939144337,20233136,4096,0.5379527764744233,0
1708583092, 939145411,20233144,4096,0.697763906251978,0
1708583092, 939145411,20233152,4096,0.6370466842305892,0
1708583092, 939146484,20233160,4096,0.6040284881652958,0
1708583092, 939146484,20233168,4096,0.5945572307027375,0
1708583092, 939147558,20233176,4096,0.5282446195861169,0
1708583092, 939148631,20233184,4096,0.5335046442841933,0
1708583092, 939148631,20233192,4096,0.5001954733390706,0
1708583092, 939149705,20233200,4096,0.49655727594410654,0
1708583092, 939150778,20233208,4096,0.5200373586600909,0
1708583092, 939151852,20233216,4096,0.5197171942806422,0
1708583092, 939151852,20233224,4096,0.020002391498732855,0
1708583092, 954936596,3109704,4096,0.5246661642937084,0
1708583092, 954937669,3109712,4096,0.545898230884368,0
1708583092, 954937669,3109720,4096,0.5421820804267008,0
1708583092, 954938743,3109728,4096,0.5382240772581903,0
1708583092, 954992418,3698592,4096,0.555363224731229,0
1708583092, 954993491,3698600,4096,0.5470937411512153,0
1708583092, 954993491,3698608,4096,0.41462010669943955,0
1708583092, 954994565,3698616,4096,0.4498323338730011,0
1708583092, 954995638,3698624,4096,0.6149945648368998,0
1708583092, 954995638,3698632,4096,0.6571643384232984,0
1708583092, 954996712,3698640,4096,0.6256652079296267,0
1708583092, 954997785,3698648,4096,0.6572500898961537,0
1708583092, 954998859,3698656,4096,0.5892114510242354,0
1708583092, 954998859,3698664,4096,0.5405040552163292,0
1708583092, 954999932,3698672,4096,0.6783836086439351,0
1708583092, 955001006,3698680,4096,0.7037325805961392,0
1708583092, 955002079,3698688,4096,0.5779156261558975,0
1708583092, 955003153,3698696,4096,0.5887637464100823,0
1708583092, 955003153,3698704,4096,0.6350708206546722,0
1708583092, 955004226,3698712,4096,0.6175285504299842,0
1708583092, 955004226,3698720,4096,0.6261127929859542,0
1708583092, 955005300,3698728,4096,0.5951558393284128,0
1708583092, 955006373,3698736,4096,0.5470677674690417,0
1708583092, 955007447,3698744,4096,0.5517712635789871,0
1708583092, 955007447,3698752,4096,0.6112701898397355,0
1708583092, 955062195,3698800,4096,0.622087011604132,0
1708583092, 955063269,3698808,4096,0.046392096053318316,0
1708583092, 955667649,7407216,4096,0.3391442166748512,0
1708583092, 955667649,7407224,4096,0.1596017363909404,0
1708583092, 965446161,3637800,4096,0.6214602567802792,0
1708583092, 965446161,3637808,4096,0.5508089257484138,0
1708583092, 965447234,3637816,4096,0.013631853057154527,0
1708583092, 974016985,2256640,4096,0.551515375849732,0
1708583092, 974018058,2256648,4096,0.5846662675180091,0
1708583092, 974018058,2256656,4096,0.6188688028672652,0
1708583092, 974060998,91146872,4096,0.014186805110033339,0
1708583094, 267153161,7416408,4096,0.3386815658222804,0
1708583094, 267154234,7416416,4096,0.47188288714545307,0
1708583094, 267154234,7416424,4096,0.49082740769410216,0
1708583094, 268284630,7407088,4096,0.2651745320468644,0
1708583094, 271007026,7407072,4096,0.020706184292424372,0
1708583094, 971558097,7407216,4096,0.3287426401031252,0
1708583094, 972485601,3243656,4096,0.007586445433014788,0
1708583094, 972912854,7407088,4096,0.3704400004027503,0
1708583094, 972913927,7407096,4096,0.06736407760095794,0
1708583095, 267211917,13085728,4096,0.042659635104104164,0
1708583095, 267211917,13085736,4096,0.5253431646163885,0
1708583095, 268114730,13085768,4096,0.5517115846609362,0
1708583095, 268115804,13085776,4096,0.5518703373813783,0
1708583095, 268495823,13085832,4096,0.5335919970720059,0
1708583095, 268888724,13085864,4096,0.5205868231636377,0
1708583095, 269276257,13085936,4096,0.48874007697329785,0
1708583095, 270084603,122029024,4096,0.49133799063069683,0
1708583095, 270085676,122029032,4096,0.5019959131751245,0
1708583095, 270085676,122029040,4096,0.5587028873203606,0
1708583095, 270085676,122029048,4096,0.4943479809465095,0
1708583095, 270418461,121924256,4096,0.29103291147471494,0
1708583095, 270419535,121924264,4096,-0.0,0
1708583095, 270419535,121924272,4096,-0.0,0
1708583095, 270420608,121924280,4096,-0.0,0
1708583095, 270739438,13085984,4096,0.4915104979679229,0
1708583095, 270982049,13086040,4096,0.5528708270869177,0
1708583095, 270983122,13086048,4096,0.5823311377186217,0
1708583095, 270984196,13086056,4096,0.5821337691414393,0
1708583095, 271313760,13086112,4096,0.5401662580337045,0
1708583095, 271313760,13086120,4096,0.5880852662716227,0
1708583095, 271615414,13086240,4096,0.5546648801387549,0
1708583095, 271854804,13086280,4096,0.5937347582687755,0
1708583095, 272002947,13086352,4096,0.5355350475824848,0
1708583095, 272004021,13086360,4096,0.5455177135348276,0
1708583095, 272005094,13086368,4096,0.5614607778960865,0
1708583095, 272006168,13086376,4096,0.6129050090982803,0
1708583095, 272187589,13086440,4096,0.6151557562564812,0
1708583095, 272285278,13086472,4096,0.41902926187791406,0
1708583095, 272285278,13086480,4096,0.44826776552628267,0
1708583095, 272286351,13086488,4096,0.5081361605230221,0
1708583095, 272287425,13086496,4096,0.6127967256203228,0
1708583095, 272288498,13086504,4096,0.6661435741945518,0
1708583095, 272527889,13086520,4096,0.6099147995316208,0
1708583095, 272623430,13086552,4096,0.6562737881629359,0
1708583095, 272728633,13086584,4096,0.5943428444000718,0
1708583095, 272940113,13086648,4096,0.5735643781139885,0
1708583095, 273130122,13086696,4096,0.5738114254281564,0
1708583095, 273236399,13086712,4096,0.5424754251914906,0
1708583095, 273357704,13086792,4096,0.6737260963752411,0
1708583095, 273358778,13086800,4096,0.7092914093656052,0
1708583095, 273358778,13086808,4096,0.5690575086617935,0
1708583095, 273590654,13086848,4096,0.5982221690414652,0
1708583095, 273748458,13086888,4096,0.5816806082237644,0
1708583095, 273749532,13086896,4096,0.5798761446546888,0
1708583095, 273749532,13086904,4096,0.6692992256706474,0
1708583095, 273749532,13086912,4096,0.5807895030976462,0
1708583095, 273750605,13086920,4096,0.5920126417005581,0
1708583095, 273750605,13086928,4096,0.5934775524939472,0
1708583095, 273751679,13086936,4096,0.639825521439967,0
1708583095, 274013613,13086952,4096,0.6084696856884619,0
1708583095, 274167123,13086976,4096,0.5623523235082983,0
1708583095, 274167123,13086984,4096,0.8410229896848812,0
1708583095, 274308825,13087016,4096,0.5233289430625517,0
1708583095, 274531040,13087032,4096,0.5914137747294762,0
1708583095, 274531040,13087040,4096,0.5989467589963041,0
1708583095, 274532113,13087048,4096,0.6105923869088768,0
1708583095, 274533187,13087056,4096,0.6134888957498215,0
1708583095, 274533187,13087064,4096,0.5923063841372493,0
1708583095, 274533187,13087072,4096,0.5925489913823297,0
1708583095, 274533187,13087080,4096,0.6163885054893224,0
1708583095, 274534260,13087088,4096,0.8593305683276127,0
1708583095, 274771504,13087112,4096,0.5780168717617488,0
1708583095, 274986204,13087160,4096,0.6392107620643044,0
1708583095, 274986204,13087168,4096,0.6262994356588385,0
1708583095, 274987277,13087176,4096,0.5968553844016117,0
1708583095, 275136494,13087264,4096,0.5882028324578803,0
1708583095, 275137567,13087272,4096,0.5461186491632054,0
1708583095, 275344753,13087296,4096,0.6033732911715423,0
1708583095, 275507925,13087312,4096,0.6175179808097655,0
1708583095, 275508998,13087320,4096,0.5455894704391205,0
1708583095, 275673244,13087384,4096,0.5673517013091325,0
1708583095, 275674317,13087392,4096,0.6044673877532258,0
1708583095, 275800990,13087416,4096,0.541072095513632,0
1708583095, 275898679,13087432,4096,0.5689957424520447,0
1708583095, 276006029,13087728,4096,0.5683718729653991,0
1708583095, 276220729,13088008,4096,0.6211351424297875,0
1708583095, 276325932,13088080,4096,0.5296403396618923,0
1708583095, 719611654,7407224,4096,0.13990718333783156,0
1708583095, 720515541,3164792,4096,0.007935438668395366,0
1708583095, 720940647,7407096,4096,0.22322288233460616,0
1708583099, 281950999,7713664,4096,0.3610633662198876,0
1708583099, 701443668,7717344,4096,0.2710426367439753,0
1708583099, 702501065,7718488,4096,0.4063102494209143,0
1708583099, 702896113,7719032,4096,0.2575331141579042,0
1708583099, 703453260,118121784,3584,0.44347192719948936,0
1708583099, 703912718,1554384,4096,0.44774184624623564,0
1708583099, 703912718,1554392,4096,0.5144519920303716,0
1708583099, 704283075,1554432,4096,0.28242627615447913,0
1708583099, 704587949,1554304,4096,0.5488770784634436,0
1708583099, 705185889,7538216,4096,0.09425008797594756,0
1708583099, 705566981,1336880,4096,0.5351738709713862,0
1708583099, 705566981,1336888,4096,0.4244245623598366,0
1708583101,  13646277,1492448,4096,0.5250021827075747,0
1708583101,  14482534,1492560,4096,0.5453493798579611,0
1708583101,  15042901,3987712,4096,0.5125969781659739,0
1708583101,  15043974,3987720,4096,0.5334251980175458,0
1708583101,  15043974,3987728,4096,0.5307697092213922,0
1708583101,  15045048,3987736,4096,0.5160336615775364,0
1708583101,  15046121,3987744,4096,0.5060375836630768,0
1708583101,  15047195,3987752,4096,0.5049716626851394,0
1708583101,  15048268,3987760,4096,0.5084948032516701,0
1708583101,  15049342,3987768,4096,0.5067180076784629,0
1708583101,  15049342,3987776,4096,0.5087823120665151,0
1708583101,  15050415,3987784,4096,0.5070756967930122,0
1708583101,  15051489,3987792,4096,0.5202436249942113,0
1708583101,  15052562,3987800,4096,0.504653218533311,0
1708583101,  15053636,3987808,4096,0.5079198772493473,0
1708583101,  15054709,3987816,4096,0.5029599384378032,0
1708583101,  15054709,3987824,4096,0.4994922594689841,0
1708583101,  15800792,3243792,4096,0.5611726837533746,0
1708583101,  15800792,3243800,4096,0.6077792692136906,0
1708583101,  15801865,3243808,4096,0.6038705135504077,0
1708583101,  15802939,3243816,4096,0.6084906849607052,0
1708583101,  16317145,3164800,4096,0.5099990825463686,0
1708583101,  16318219,3164808,4096,0.5423124615604906,0
1708583101,  16319292,3164816,4096,0.5412756607366199,0
1708583101,  16319292,3164824,4096,0.534624158040556,0
1708583101,  16320366,3164832,4096,0.5404091291610159,0
1708583101,  16321439,3164840,4096,0.5324816118948865,0
1708583101,  16322513,3164848,4096,0.5379973921670321,0
1708583101,  16322513,3164856,4096,0.54003143987008,0
1708583101,  16323586,3164864,4096,0.5333079533484294,0
1708583101,  16324660,3164872,4096,0.5445688866383327,0
1708583101,  16325733,3164880,4096,0.5456841044285765,0
1708583104, 280789113,7416432,4096,0.3701183745023228,0
1708583104, 280789113,7416440,4096,0.47546601020484075,0
1708583104, 280790187,7416448,4096,0.4853531490933534,0
1708583104, 281769219,7407216,4096,0.24511628705336805,0
1708583104, 290255236,7407080,4096,0.020900414272179018,0
1708583104, 480115520,3699488,4096,0.17061810756442036,0
1708583104, 480573904,7407088,4096,0.41962671696902903,0
1708583104, 480574978,7407096,4096,0.414691901840144,0
1708583104, 480574978,7407104,4096,0.4182747026740082,0
1708583104, 480574978,7407112,4096,0.40420201719889565,0
1708583104, 480576051,7407120,4096,0.4202176909840394,0
1708583104, 480576051,7407128,4096,0.42405455132119924,0
1708583104, 480576051,7407136,4096,0.43128305335650213,0
1708583104, 480576051,7407144,4096,0.44227733717452544,0
1708583104, 480577125,7407152,4096,0.3803316306634989,0
1708583104, 480577125,7407160,4096,0.287491930069517,0
1708583104, 480990422,3699488,4096,0.7087268243887868,0
1708583104, 481297443,7407288,4096,0.36289739194054876,0
1708583104, 509568066,116420096,4096,0.17018872762074091,0
1708583104, 510015715,7416456,4096,0.4192112839950903,0
1708583104, 510015715,7416464,4096,0.4140381522835651,0
1708583104, 510015715,7416472,4096,0.4176410930765977,0
1708583104, 510016789,7416480,4096,0.4035446382753654,0
1708583104, 510016789,7416488,4096,0.41952744316416146,0
1708583104, 510016789,7416496,4096,0.4234974435170284,0
1708583104, 510017862,7416504,4096,0.43067548274197887,0
1708583104, 510017862,7416512,4096,0.44187229636033354,0
1708583104, 510017862,7416520,4096,0.3795535430905335,0
1708583104, 510017862,7416528,4096,0.37464398128423876,0
1708583104, 510018936,7416536,4096,0.43179304744435415,0
1708583104, 510018936,7416544,4096,0.43193701243519955,0
1708583104, 510018936,7416552,4096,0.4185032771169005,0
1708583104, 510020009,7416560,4096,0.40492296656715887,0
1708583104, 510020009,7416568,4096,0.4037456807451466,0
1708583104, 510020009,7416576,4096,0.41810049703976604,0
1708583104, 510021083,7416584,4096,0.4383029304081805,0
1708583104, 510021083,7416592,4096,0.41221759308805034,0
1708583104, 510021083,7416600,4096,0.37797972547388436,0
1708583104, 510536363,116420096,4096,0.6730158477268554,0
1708583104, 510842310,7407088,4096,0.18137870107573065,0
1708583104, 542072572,116431680,4096,0.17138135879493768,0
1708583104, 542508413,7407216,4096,0.3946683351402184,0
1708583104, 542508413,7407224,4096,0.437031608628383,0
1708583104, 542508413,7407232,4096,0.4213168228345335,0
1708583104, 542509487,7407240,4096,0.4097430476399833,0
1708583104, 542509487,7407248,4096,0.4141292923704092,0
1708583104, 542509487,7407256,4096,0.41560378373982715,0
1708583104, 542509487,7407264,4096,0.42703006610266475,0
1708583104, 542510560,7407272,4096,0.43633754999949825,0
1708583104, 542510560,7407280,4096,0.3715065536667406,0
1708583104, 542510560,7407288,4096,0.2839570763327489,0
1708583104, 542917417,116431680,4096,0.6711299888282177,0
1708583104, 543227658,7407160,4096,0.3565908333922848,0
1708583104, 580737895,116569760,4096,0.17038923834073616,0
1708583104, 581284307,7416608,4096,0.39408919419302674,0
1708583104, 581284307,7416616,4096,0.43642846234336174,0
1708583104, 581285380,7416624,4096,0.42069000243615173,0
1708583104, 581285380,7416632,4096,0.4090349193382462,0
1708583104, 581285380,7416640,4096,0.4133710520197036,0
1708583104, 581286454,7416648,4096,0.41480265518534454,0
1708583104, 581286454,7416656,4096,0.4262307937075222,0
1708583104, 581286454,7416664,4096,0.43556648450782065,0
1708583104, 581287527,7416672,4096,0.37131858086767866,0
1708583104, 581287527,7416680,4096,0.3680699607535384,0
1708583104, 581287527,7416688,4096,0.4217247413903477,0
1708583104, 581288601,7416696,4096,0.42464581553682945,0
1708583104, 581288601,7416704,4096,0.4206109279516915,0
1708583104, 581288601,7416712,4096,0.40999367526225644,0
1708583104, 581289674,7416720,4096,0.40484533226005875,0
1708583104, 581289674,7416728,4096,0.41649952675474716,0
1708583104, 581289674,7416736,4096,0.43699984149381954,0
1708583104, 581289674,7416744,4096,0.411357034310828,0
1708583104, 581290748,7416752,4096,0.3870224002752028,0
1708583104, 581811395,116569760,4096,0.6747765392023546,0
1708583104, 582119490,7407216,4096,0.21354269914539442,0
1708583104, 610988052,128920624,4096,0.5263571606889125,0
1708583104, 610988052,128920632,4096,0.577956185788746,0
1708583104, 610989125,128920640,4096,0.5500628958274568,0
1708583104, 610989125,128920648,4096,0.01639342616019207,0
1708583104, 611398129,7407088,4096,0.38782265606965,0
1708583104, 611399202,7407096,4096,0.4319300923540557,0
1708583104, 611399202,7407104,4096,0.42743646220985326,0
1708583104, 611399202,7407112,4096,0.4267606438159501,0
1708583104, 611400276,7407120,4096,0.06261304185348927,0
1708583104, 620832047,7416760,4096,0.38737162685630244,0
1708583104, 620833120,7416768,4096,0.4313766883216704,0
1708583104, 620833120,7416776,4096,0.42695738346382295,0
1708583104, 620833120,7416784,4096,0.4262376512621032,0
1708583104, 620834194,7416792,4096,0.392498759714952,0
1708583104, 621179861,116376096,4096,0.4550331931246938,0
1708583104, 621216360,1296320,4096,0.19051891298840234,0
1708583104, 621508352,7407216,4096,0.1407425235858271,0
1708583105, 470795106,7407088,4096,0.41892768219029175,0
1708583105, 470796180,7407096,4096,0.19811043819693822,0
1708583105, 471680744,122029056,4096,0.9940095275479596,0
1708583105, 471680744,122029064,4096,0.01539817255515985,0
1708583105, 471681817,122029072,4096,0.5340945774177249,0
1708583105, 471681817,122029080,4096,0.007525410276764788,0
1708583105, 472013529,121924256,4096,0.29262549625161105,0
1708583105, 472014602,121924264,4096,-0.0,0
1708583105, 472014602,121924272,4096,-0.0,0
1708583105, 472014602,121924280,4096,-0.0,0
1708583105, 472344167,1749176,4096,0.007548447615087647,0
1708583105, 472683393,7407224,4096,0.2835187570414227,0
1708583106, 683215779,21713584,2560,0.46383797640083146,0
1708583106, 684935526,122029088,4096,0.7420412992148246,0
1708583106, 684936600,122029096,4096,0.5134978828663465,0
1708583106, 684936600,122029104,4096,0.34899823862614354,0
1708583106, 684936600,122029112,4096,0.40195735971152896,0
1708583106, 684937673,122029120,4096,0.41764610868827484,0
1708583106, 684937673,122029128,4096,0.4673217577902622,0
1708583106, 684937673,122029136,4096,0.32682378545032303,0
1708583106, 684938747,122029144,4096,0.3359268657783275,0
1708583106, 685337015,121924256,4096,0.2965897357961766,0
1708583106, 685337015,121924264,4096,-0.0,0
1708583106, 685337015,121924272,4096,-0.0,0
1708583106, 685338089,121924280,4096,-0.0,0
1708583106, 685625787,34173784,4096,0.9940005027443427,0
1708583106, 685625787,34173792,4096,0.9949097966219497,0
1708583106, 685625787,34173800,4096,0.9942755323210861,0
1708583106, 685626860,34173808,4096,0.9937860827422457,0
1708583106, 685626860,34173816,4096,0.9936122005154093,0
1708583106, 685626860,34173824,1536,0.977537562207856,0
1708583108,  69030319,21713568,4096,0.4817017427540677,0
1708583110,  51436155,7416800,4096,0.4186633496101861,0
1708583110,  51437228,7416808,4096,0.4490594608464553,0
1708583110,  51437228,7416816,4096,0.48222266201165886,0
1708583110,  51437228,7416824,4096,0.4355392715359373,0
1708583110,  52374394,7407088,4096,0.2150076438496815,0
1708583110,  69357164,7407072,4096,0.020900414272179018,0
1708583115,   9787328,7539144,4096,0.15463757978476445,0
1708583116,  11239487,7539328,4096,0.22582573051049495,0
1708583116,  11239487,7539336,4096,0.37442755585823195,0
1708583116,  11600183,7541656,4096,0.080211176386693,0
1708583116,  11966246,7541672,4096,0.11025938962557782,0
1708583116,  12242136,7538144,4096,0.11779282619424376,0
1708583116,  12554524,7538216,4096,0.09425008797594756,0
1708583116,  13029011,7737424,4096,0.3326467445775388,0
1708583116,  13358576,7737800,4096,0.34796627570125827,0
1708583116,  13677405,50205424,4096,0.2847992896209847,0
1708583116,  13995161,7553912,4096,0.4172763567494564,0
1708583116,  14286080,7596688,4096,0.3349090636328121,0
1708583116,  14575925,7627864,4096,0.36254846496233356,0
1708583116,  14784184,7663936,4096,0.36181713213552746,0
1708583116,  14939841,7663968,4096,0.35148420977700173,0
1708583116,  15145953,7663984,4096,0.32454018559055725,0
1708583116,  15302684,7664104,4096,0.3174200617352445,0
1708583116,  15509870,7672760,4096,0.4583568562216564,0
1708583116,  15666601,7713664,4096,0.36204009974326506,0
1708583116,  15771804,7714344,4096,0.2903543738577526,0
1708583116,  15928535,7716072,4096,0.28108767957387293,0
1708583116,  16484608,122029152,4096,0.24524656567757389,0
1708583116,  16484608,122029160,4096,0.33254801299777736,0
1708583116,  16484608,122029168,4096,0.364663561133314,0
1708583116,  16485681,122029176,4096,0.2908878432597515,0
1708583116,  16663882,121924256,4096,0.2986406700652954,0
1708583116,  16664956,121924264,4096,-0.0,0
1708583116,  16664956,121924272,4096,-0.0,0
1708583116,  16666029,121924280,4096,-0.0,0
1708583116,  16869994,7716152,4096,0.2821807557316946,0
1708583116,  16991300,7716424,4096,0.32864067896324756,0
1708583116,  17207073,7716560,4096,0.21790485752599434,0
1708583116,  17418553,7716616,4096,0.25039674335181383,0
1708583116,  17523756,7716632,4096,0.3346491755492613,0
1708583116,  17680487,7716712,4096,0.33167612146096026,0
1708583116,  17889819,118121792,4096,0.44760695121488747,0
1708583116,  17891966,118121800,4096,0.44482024548556487,0
1708583116,  17891966,118121808,2048,0.4064003287227513,0
1708583116,  18060506,118121784,4096,0.4763819311281811,0
1708583116,  18391144,1308136,4096,0.0015798328089024409,0
1708583116,  18392217,1308144,4096,0.21659965734127873,0
1708583116,  18634828,1297200,4096,0.5121151717833136,0
1708583116,  18908571,2283664,4096,0.24062182020426673,0
1708583116,  19140447,40326480,4096,0.22964499658454648,0
1708583116,  19372323,29210768,4096,0.10351614324271986,0
1708583116,  19628889,2053688,4096,0.10262105620181176,0
1708583116,  19917661,17041024,4096,0.1027614183400982,0
1708583116,  20125920,1343976,4096,0.11853988239095815,0
1708583116,  20395368,1554328,4096,0.5252057323705144,0
1708583116,  20520968,1554392,4096,0.5135454190135947,0
1708583116,  21107099,122029184,4096,0.3612959758376636,0
1708583116,  21108172,122029192,4096,0.3381544526258162,0
1708583116,  21109246,122029200,4096,0.34313779072660444,0
1708583116,  21109246,122029208,4096,0.3499772033601077,0
1708583116,  21300329,121924256,4096,0.3005841089933264,0
1708583116,  21300329,121924264,4096,-0.0,0
1708583116,  21301402,121924272,4096,-0.0,0
1708583116,  21301402,121924280,4096,-0.0,0
1708583116,  21656731,34173824,4096,0.9943630648626841,0
1708583116,  21656731,34173832,4096,0.9949376359005289,0
1708583116,  21657804,34173840,4096,0.9943783059397199,0
1708583116,  21657804,34173848,4096,0.9934186739509322,0
1708583116,  21658878,34173856,4096,0.994151606188748,0
1708583116,  21659951,34173864,4096,0.9935604070710579,0
1708583116,  21659951,34173872,4096,0.9942070077226595,0
1708583116,  21661025,34173880,2048,0.885162711196221,0
1708583120,  10061785,7416832,4096,0.41706971196112136,0
1708583120,  10062858,7416840,4096,0.48427767287252116,0
1708583120,  10062858,7416848,4096,0.3961256362406439,0
1708583120,  11034376,7407216,4096,0.06716561014371424,0
1708583120,  19421631,7407080,4096,0.020900414272179018,0
1708583120,  19919735,0,512,0.0447122317293765,0
1708583125,  10984636,7672760,4096,0.4572145601866313,0
1708583130,  24230193,7416856,4096,0.2780774683330059,0
1708583130,  24231267,7416864,4096,0.4847289604842261,0
1708583130,  25148036,7407088,4096,0.37325435024579656,0
1708583130,  33762873,7407072,4096,0.020900414272179018,0
